0 5
162 166 165
163 165 164
164 163 166
165 162 163
166 164 162
1 5
167 170 171
168 169 170
169 171 168
170 168 167
171 167 169
2 4
172 173 174
173 175 172
174 172 412
175 412 173
3 4
176 178 177
177 176 179
178 467 176
179 177 467
4 3
180 480 425
181 425 182
182 181 480
5 3
183 522 556
184 185 522
185 556 184
6 2
186 187 438
187 493 186
7 2
188 535 189
189 188 569
8 1
190 604 591
9 1
191 616 628
10 0
11 0
12 5
192 194 196
193 282 194
194 193 192
195 196 282
196 192 195
13 5
197 199 201
198 287 199
199 198 197
200 201 287
201 197 200
14 4
202 203 205
203 433 202
204 205 292
205 202 204
15 3
206 207 208
207 420 206
208 206 428
16 3
209 210 211
210 444 209
211 209 415
17 5
212 214 216
213 302 214
214 213 212
215 216 302
216 212 215
18 5
217 219 221
218 307 219
219 218 217
220 221 307
221 217 220
19 4
222 224 225
223 312 224
224 223 222
225 222 483
20 3
226 227 228
227 488 226
228 226 470
21 3
229 230 231
230 475 229
231 229 497
22 5
232 234 236
233 322 234
234 233 232
235 236 322
236 232 235
23 4
237 239 240
238 327 239
239 238 237
240 237 525
24 2
241 242 454
242 530 241
25 2
243 465 244
244 243 539
26 5
245 247 249
246 339 247
247 246 245
248 249 339
249 245 248
27 4
250 251 253
251 564 250
252 253 344
253 250 252
28 2
254 511 255
255 254 559
29 2
256 257 518
257 575 256
30 1
258 502 442
31 3
259 456 261
260 261 361
261 259 260
32 2
262 263 509
263 593 262
33 1
264 544 573
34 3
265 267 549
266 375 267
267 266 265
35 2
268 583 269
269 268 606
36 3
270 272 463
271 384 272
272 271 270
37 2
273 520 274
274 273 618
38 3
275 554 277
276 277 393
277 275 276
39 2
278 279 588
279 630 278
40 1
280 614 601
41 1
281 626 638
42 5
282 284 286
283 162 284
284 283 282
285 286 162
286 282 285
43 5
287 289 291
288 163 289
289 288 287
290 291 163
291 287 290
44 4
292 293 295
293 290 292
294 295 164
295 292 294
45 3
296 297 298
297 285 296
298 296 288
46 3
299 300 301
300 294 299
301 299 283
47 5
302 304 306
303 167 304
304 303 302
305 306 167
306 302 305
48 5
307 309 311
308 168 309
309 308 307
310 311 168
311 307 310
49 4
312 314 315
313 169 314
314 313 312
315 312 308
50 3
316 317 318
317 310 316
318 316 303
51 3
319 320 321
320 305 319
321 319 313
52 5
322 324 326
323 172 324
324 323 322
325 326 172
326 322 325
53 4
327 329 330
328 173 329
329 328 327
330 327 323
54 4
331 332 334
332 325 331
333 334 174
334 331 333
55 4
335 337 338
336 175 337
337 336 335
338 335 328
56 5
339 341 343
340 176 341
341 340 339
342 343 176
343 339 342
57 4
344 345 347
345 342 344
346 347 177
347 344 346
58 4
348 350 351
349 178 350
350 349 348
351 348 340
59 4
352 353 355
353 346 352
354 355 179
355 352 354
60 5
356 358 360
357 180 358
358 357 356
359 360 180
360 356 359
61 5
361 363 365
362 181 363
363 362 361
364 365 181
365 361 364
62 4
366 367 369
367 364 366
368 369 182
369 366 368
63 5
370 372 374
371 183 372
372 371 370
373 374 183
374 370 373
64 5
375 377 379
376 184 377
377 376 375
378 379 184
379 375 378
65 4
380 382 383
381 185 382
382 381 380
383 380 376
66 5
384 386 388
385 186 386
386 385 384
387 388 186
388 384 387
67 4
389 391 392
390 187 391
391 390 389
392 389 385
68 5
393 395 397
394 188 395
395 394 393
396 397 188
397 393 396
69 4
398 399 401
399 396 398
400 401 189
401 398 400
70 5
402 404 406
403 190 404
404 403 402
405 406 190
406 402 405
71 5
407 409 411
408 191 409
409 408 407
410 411 191
411 407 410
72 3
412 336 333
413 192 336
414 333 192
73 3
415 301 417
416 417 193
417 415 416
74 2
418 419 337
419 416 418
75 3
420 422 297
421 195 422
422 421 420
76 2
423 334 424
424 423 421
77 3
425 362 359
426 197 362
427 359 197
78 3
428 298 430
429 430 198
430 428 429
79 2
431 432 363
432 429 431
80 3
433 435 293
434 200 435
435 434 433
81 2
436 360 437
437 436 434
82 4
438 440 387
439 202 440
440 439 438
441 387 202
83 2
442 437 443
443 442 439
84 3
444 446 300
445 204 446
446 445 444
85 2
447 388 448
448 447 445
86 5
449 451 453
450 206 451
451 450 449
452 453 206
453 449 452
87 2
454 424 455
455 454 450
88 2
456 457 432
457 452 456
89 5
458 460 462
459 209 460
460 459 458
461 462 209
462 458 461
90 2
463 448 464
464 463 459
91 2
465 466 419
466 461 465
92 3
467 349 354
468 212 349
469 354 212
93 3
470 318 472
471 472 213
472 470 471
94 2
473 474 350
474 471 473
95 3
475 477 320
476 215 477
477 476 475
96 2
478 355 479
479 478 476
97 3
480 357 368
481 217 357
482 368 217
98 3
483 315 485
484 485 218
485 483 484
99 2
486 487 358
487 484 486
100 3
488 490 317
489 220 490
490 489 488
101 2
491 369 492
492 491 489
102 4
493 390 496
494 222 390
495 496 222
496 493 495
103 3
497 321 499
498 499 223
499 497 498
104 2
500 501 391
501 498 500
105 2
502 503 487
503 495 502
106 5
504 506 508
505 226 506
506 505 504
507 508 226
508 504 507
107 2
509 492 510
510 509 505
108 2
511 512 474
512 507 511
109 5
513 515 517
514 229 515
515 514 513
516 517 229
517 513 516
110 2
518 479 519
519 518 514
111 2
520 521 501
521 516 520
112 3
522 371 378
523 232 371
524 378 232
113 3
525 330 527
526 527 233
527 525 526
114 2
528 529 372
529 526 528
115 3
530 532 332
531 235 532
532 531 530
116 2
533 379 534
534 533 531
117 4
535 394 538
536 237 394
537 538 237
538 535 537
118 3
539 338 541
540 541 238
541 539 540
119 2
542 543 395
543 540 542
120 2
544 545 529
545 537 544
121 3
546 548 451
547 241 548
548 547 546
122 2
549 534 550
550 549 547
123 3
551 462 553
552 553 243
553 551 552
124 2
554 555 543
555 552 554
125 3
556 381 373
557 245 381
558 373 245
126 3
559 351 561
560 561 246
561 559 560
127 2
562 563 382
563 560 562
128 3
564 566 345
565 248 566
566 565 564
129 2
567 374 568
568 567 565
130 4
569 571 400
570 250 571
571 570 569
572 400 250
131 2
573 568 574
574 573 570
132 3
575 577 353
576 252 577
577 576 575
133 2
578 401 579
579 578 576
134 3
580 508 582
581 582 254
582 580 581
135 2
583 584 563
584 581 583
136 3
585 587 515
586 256 587
587 586 585
137 2
588 579 589
589 588 586
138 1
590 496 440
139 2
591 453 405
592 405 259
140 3
593 595 367
594 260 595
595 594 593
141 2
596 406 597
597 596 594
142 3
598 600 506
599 262 600
600 599 598
143 2
601 597 602
602 601 599
144 1
603 538 571
145 2
604 403 548
605 265 403
146 3
606 383 608
607 608 266
608 606 607
147 2
609 610 404
610 607 609
148 3
611 582 613
612 613 268
613 611 612
149 2
614 615 610
615 612 614
150 2
616 408 460
617 270 408
151 3
618 392 620
619 620 271
620 618 619
152 2
621 622 409
622 619 621
153 3
623 517 625
624 625 273
625 623 624
154 2
626 627 622
627 624 626
155 2
628 553 410
629 410 275
156 3
630 632 399
631 276 632
632 631 630
157 2
633 411 634
634 633 631
158 3
635 637 587
636 278 637
637 636 635
159 2
638 634 639
639 638 636
160 1
640 613 600
161 1
641 625 637
162 5
42 283 285
166 0 283
283 166 42
165 285 0
285 42 165
163 5
43 288 290
165 0 288
288 165 43
164 290 0
290 43 164
164 4
44 290 294
290 163 44
166 294 0
294 44 166
165 3
45 285 288
285 162 45
288 45 163
166 3
46 294 283
294 164 46
283 46 162
167 5
47 303 305
170 1 303
303 170 47
171 305 1
305 47 171
168 5
48 308 310
169 1 308
308 169 48
170 310 1
310 48 170
169 4
49 313 308
171 1 313
313 171 49
308 49 168
170 3
50 310 303
310 168 50
303 50 167
171 3
51 305 313
305 167 51
313 51 169
172 5
52 323 325
173 2 323
323 173 52
174 325 2
325 52 174
173 4
53 328 323
175 2 328
328 175 53
323 53 172
174 4
54 325 333
325 172 54
412 333 2
333 54 412
175 4
55 336 328
412 2 336
336 412 55
328 55 173
176 5
56 340 342
178 3 340
340 178 56
177 342 3
342 56 177
177 4
57 342 346
342 176 57
179 346 3
346 57 179
178 4
58 349 340
467 3 349
349 467 58
340 58 176
179 4
59 346 354
346 177 59
467 354 3
354 59 467
180 5
60 357 359
480 4 357
357 480 60
425 359 4
359 60 425
181 5
61 362 364
425 4 362
362 425 61
182 364 4
364 61 182
182 4
62 364 368
364 181 62
480 368 4
368 62 480
183 5
63 371 373
522 5 371
371 522 63
556 373 5
373 63 556
184 5
64 376 378
185 5 376
376 185 64
522 378 5
378 64 522
185 4
65 381 376
556 5 381
381 556 65
376 65 184
186 5
66 385 387
187 6 385
385 187 66
438 387 6
387 66 438
187 4
67 390 385
493 6 390
390 493 67
385 67 186
188 5
68 394 396
535 7 394
394 535 68
189 396 7
396 68 189
189 4
69 396 400
396 188 69
569 400 7
400 69 569
190 5
70 403 405
604 8 403
403 604 70
591 405 8
405 70 591
191 5
71 408 410
616 9 408
408 616 71
628 410 9
410 71 628
192 5
72 413 414
194 12 413
413 194 72
196 414 12
414 72 196
193 5
73 284 416
282 12 284
284 282 73
194 416 12
416 73 194
194 3
74 416 413
416 193 74
413 74 192
195 5
75 421 286
196 12 421
421 196 75
282 286 12
286 75 282
196 3
76 414 421
414 192 76
421 76 195
197 5
77 426 427
199 13 426
426 199 77
201 427 13
427 77 201
198 5
78 289 429
287 13 289
289 287 78
199 429 13
429 78 199
199 3
79 429 426
429 198 79
426 79 197
200 5
80 434 291
201 13 434
434 201 80
287 291 13
291 80 287
201 3
81 427 434
427 197 81
434 81 200
202 5
82 439 441
203 14 439
439 203 82
205 441 14
441 82 205
203 4
83 435 439
433 14 435
435 433 83
439 83 202
204 5
84 445 295
205 14 445
445 205 84
292 295 14
295 84 292
205 3
85 441 445
441 202 85
445 85 204
206 5
86 450 452
207 15 450
450 207 86
208 452 15
452 86 208
207 4
87 422 450
420 15 422
422 420 87
450 87 206
208 4
88 452 430
452 206 88
428 430 15
430 88 428
209 5
89 459 461
210 16 459
459 210 89
211 461 16
461 89 211
210 4
90 446 459
444 16 446
446 444 90
459 90 209
211 4
91 461 417
461 209 91
415 417 16
417 91 415
212 5
92 468 469
214 17 468
468 214 92
216 469 17
469 92 216
213 5
93 304 471
302 17 304
304 302 93
214 471 17
471 93 214
214 3
94 471 468
471 213 94
468 94 212
215 5
95 476 306
216 17 476
476 216 95
302 306 17
306 95 302
216 3
96 469 476
469 212 96
476 96 215
217 5
97 481 482
219 18 481
481 219 97
221 482 18
482 97 221
218 5
98 309 484
307 18 309
309 307 98
219 484 18
484 98 219
219 3
99 484 481
484 218 99
481 99 217
220 5
100 489 311
221 18 489
489 221 100
307 311 18
311 100 307
221 3
101 482 489
482 217 101
489 101 220
222 5
102 494 495
224 19 494
494 224 102
225 495 19
495 102 225
223 5
103 314 498
312 19 314
314 312 103
224 498 19
498 103 224
224 3
104 498 494
498 223 104
494 104 222
225 4
105 495 485
495 222 105
483 485 19
485 105 483
226 5
106 505 507
227 20 505
505 227 106
228 507 20
507 106 228
227 4
107 490 505
488 20 490
490 488 107
505 107 226
228 4
108 507 472
507 226 108
470 472 20
472 108 470
229 5
109 514 516
230 21 514
514 230 109
231 516 21
516 109 231
230 4
110 477 514
475 21 477
477 475 110
514 110 229
231 4
111 516 499
516 229 111
497 499 21
499 111 497
232 5
112 523 524
234 22 523
523 234 112
236 524 22
524 112 236
233 5
113 324 526
322 22 324
324 322 113
234 526 22
526 113 234
234 3
114 526 523
526 233 114
523 114 232
235 5
115 531 326
236 22 531
531 236 115
322 326 22
326 115 322
236 3
116 524 531
524 232 116
531 116 235
237 5
117 536 537
239 23 536
536 239 117
240 537 23
537 117 240
238 5
118 329 540
327 23 329
329 327 118
239 540 23
540 118 239
239 3
119 540 536
540 238 119
536 119 237
240 4
120 537 527
537 237 120
525 527 23
527 120 525
241 5
121 547 455
242 24 547
547 242 121
454 455 24
455 121 454
242 4
122 532 547
530 24 532
532 530 122
547 122 241
243 5
123 466 552
465 25 466
466 465 123
244 552 25
552 123 244
244 4
124 552 541
552 243 124
539 541 25
541 124 539
245 5
125 557 558
247 26 557
557 247 125
249 558 26
558 125 249
246 5
126 341 560
339 26 341
341 339 126
247 560 26
560 126 247
247 3
127 560 557
560 246 127
557 127 245
248 5
128 565 343
249 26 565
565 249 128
339 343 26
343 128 339
249 3
129 558 565
558 245 129
565 129 248
250 5
130 570 572
251 27 570
570 251 130
253 572 27
572 130 253
251 4
131 566 570
564 27 566
566 564 131
570 131 250
252 5
132 576 347
253 27 576
576 253 132
344 347 27
347 132 344
253 3
133 572 576
572 250 133
576 133 252
254 5
134 512 581
511 28 512
512 511 134
255 581 28
581 134 255
255 4
135 581 561
581 254 135
559 561 28
561 135 559
256 5
136 586 519
257 29 586
586 257 136
518 519 29
519 136 518
257 4
137 577 586
575 29 577
577 575 137
586 137 256
258 5
138 503 443
502 30 503
503 502 138
442 443 30
443 138 442
259 5
139 457 592
456 31 457
457 456 139
261 592 31
592 139 261
260 5
140 594 365
261 31 594
594 261 140
361 365 31
365 140 361
261 3
141 592 594
592 259 141
594 141 260
262 5
142 599 510
263 32 599
599 263 142
509 510 32
510 142 509
263 4
143 595 599
593 32 595
595 593 143
599 143 262
264 5
144 545 574
544 33 545
545 544 144
573 574 33
574 144 573
265 5
145 605 550
267 34 605
605 267 145
549 550 34
550 145 549
266 5
146 377 607
375 34 377
377 375 146
267 607 34
607 146 267
267 3
147 607 605
607 266 147
605 147 265
268 5
148 584 612
583 35 584
584 583 148
269 612 35
612 148 269
269 4
149 612 608
612 268 149
606 608 35
608 149 606
270 5
150 617 464
272 36 617
617 272 150
463 464 36
464 150 463
271 5
151 386 619
384 36 386
386 384 151
272 619 36
619 151 272
272 3
152 619 617
619 271 152
617 152 270
273 5
153 521 624
520 37 521
521 520 153
274 624 37
624 153 274
274 4
154 624 620
624 273 154
618 620 37
620 154 618
275 5
155 555 629
554 38 555
555 554 155
277 629 38
629 155 277
276 5
156 631 397
277 38 631
631 277 156
393 397 38
397 156 393
277 3
157 629 631
629 275 157
631 157 276
278 5
158 636 589
279 39 636
636 279 158
588 589 39
589 158 588
279 4
159 632 636
630 39 632
632 630 159
636 159 278
280 5
160 615 602
614 40 615
615 614 160
601 602 40
602 160 601
281 5
161 627 639
626 41 627
627 626 161
638 639 41
639 161 638
282 3
12 193 195
284 42 193
286 195 42
283 3
46 166 301
284 301 42
301 46 284
284 2
73 301 193
301 283 73
285 3
45 297 165
286 42 297
297 286 45
286 2
75 195 297
297 75 285
287 3
13 198 200
289 43 198
291 200 43
288 3
45 165 298
289 298 43
298 45 289
289 2
78 298 198
298 288 78
290 3
44 293 164
291 43 293
293 291 44
291 2
80 200 293
293 80 290
292 4
14 433 204
293 44 433
433 293 14
295 204 44
293 2
80 291 433
433 80 292
294 3
46 300 166
295 44 300
300 295 46
295 2
84 204 300
300 84 294
296 5
15 420 428
297 45 420
420 297 15
298 428 45
428 15 298
297 2
75 286 420
420 75 296
298 2
78 428 289
428 296 78
299 5
16 444 415
300 46 444
444 300 16
301 415 46
415 16 301
300 2
84 295 444
444 84 299
301 2
73 415 284
415 299 73
302 3
17 213 215
304 47 213
306 215 47
303 3
50 170 318
304 318 47
318 50 304
304 2
93 318 213
318 303 93
305 3
51 320 171
306 47 320
320 306 51
306 2
95 215 320
320 95 305
307 3
18 218 220
309 48 218
311 220 48
308 3
49 169 315
309 315 48
315 49 309
309 2
98 315 218
315 308 98
310 3
50 317 170
311 48 317
317 311 50
311 2
100 220 317
317 100 310
312 4
19 223 483
314 49 223
315 483 49
483 19 315
313 3
51 171 321
314 321 49
321 51 314
314 2
103 321 223
321 313 103
315 2
98 483 309
483 312 98
316 5
20 488 470
317 50 488
488 317 20
318 470 50
470 20 318
317 2
100 311 488
488 100 316
318 2
93 470 304
470 316 93
319 5
21 475 497
320 51 475
475 320 21
321 497 51
497 21 321
320 2
95 306 475
475 95 319
321 2
103 497 314
497 319 103
322 3
22 233 235
324 52 233
326 235 52
323 3
53 173 330
324 330 52
330 53 324
324 2
113 330 233
330 323 113
325 3
54 332 174
326 52 332
332 326 54
326 2
115 235 332
332 115 325
327 4
23 238 525
329 53 238
330 525 53
525 23 330
328 3
55 175 338
329 338 53
338 55 329
329 2
118 338 238
338 328 118
330 2
113 525 324
525 327 113
331 5
24 530 423
332 54 530
530 332 24
334 423 54
423 24 334
332 2
115 326 530
530 115 331
333 4
72 414 412
334 54 414
414 334 72
412 72 174
334 3
76 423 414
423 331 76
414 76 333
335 5
25 418 539
337 55 418
418 337 25
338 539 55
539 25 338
336 4
72 412 413
412 175 72
337 413 55
413 72 337
337 3
74 413 418
413 336 74
418 74 335
338 2
118 539 329
539 335 118
339 3
26 246 248
341 56 246
343 248 56
340 3
58 178 351
341 351 56
351 58 341
341 2
126 351 246
351 340 126
342 3
57 345 177
343 56 345
345 343 57
343 2
128 248 345
345 128 342
344 4
27 564 252
345 57 564
564 345 27
347 252 57
345 2
128 343 564
564 128 344
346 3
59 353 179
347 57 353
353 347 59
347 2
132 252 353
353 132 346
348 5
28 473 559
350 58 473
473 350 28
351 559 58
559 28 351
349 4
92 467 468
467 178 92
350 468 58
468 92 350
350 3
94 468 473
468 349 94
473 94 348
351 2
126 559 341
559 348 126
352 5
29 575 478
353 59 575
575 353 29
355 478 59
478 29 355
353 2
132 347 575
575 132 352
354 4
92 469 467
355 59 469
469 355 92
467 92 179
355 3
96 478 469
478 352 96
469 96 354
356 5
30 486 436
358 60 486
486 358 30
360 436 60
436 30 360
357 4
97 480 481
480 180 97
358 481 60
481 97 358
358 3
99 481 486
481 357 99
486 99 356
359 4
77 427 425
360 60 427
427 360 77
425 77 180
360 3
81 436 427
436 356 81
427 81 359
361 4
31 431 260
363 61 431
431 363 31
365 260 61
362 4
77 425 426
425 181 77
363 426 61
426 77 363
363 3
79 426 431
426 362 79
431 79 361
364 3
62 367 182
365 61 367
367 365 62
365 2
140 260 367
367 140 364
366 5
32 593 491
367 62 593
593 367 32
369 491 62
491 32 369
367 2
140 365 593
593 140 366
368 4
97 482 480
369 62 482
482 369 97
480 97 182
369 3
101 491 482
491 366 101
482 101 368
370 5
33 528 567
372 63 528
528 372 33
374 567 63
567 33 374
371 4
112 522 523
522 183 112
372 523 63
523 112 372
372 3
114 523 528
523 371 114
528 114 370
373 4
125 558 556
374 63 558
558 374 125
556 125 183
374 3
129 567 558
567 370 129
558 129 373
375 4
34 266 533
377 64 266
379 533 64
533 34 379
376 3
65 185 383
377 383 64
383 65 377
377 2
146 383 266
383 376 146
378 4
112 524 522
379 64 524
524 379 112
522 112 184
379 3
116 533 524
533 375 116
524 116 378
380 5
35 562 606
382 65 562
562 382 35
383 606 65
606 35 383
381 4
125 556 557
556 185 125
382 557 65
557 125 382
382 3
127 557 562
557 381 127
562 127 380
383 2
146 606 377
606 380 146
384 4
36 271 447
386 66 271
388 447 66
447 36 388
385 3
67 187 392
386 392 66
392 67 386
386 2
151 392 271
392 385 151
387 4
82 441 438
388 66 441
441 388 82
438 82 186
388 3
85 447 441
447 384 85
441 85 387
389 5
37 500 618
391 67 500
500 391 37
392 618 67
618 37 392
390 4
102 493 494
493 187 102
391 494 67
494 102 391
391 3
104 494 500
494 390 104
500 104 389
392 2
151 618 386
618 389 151
393 4
38 542 276
395 68 542
542 395 38
397 276 68
394 4
117 535 536
535 188 117
395 536 68
536 117 395
395 3
119 536 542
536 394 119
542 119 393
396 3
69 399 189
397 68 399
399 397 69
397 2
156 276 399
399 156 396
398 5
39 630 578
399 69 630
630 399 39
401 578 69
578 39 401
399 2
156 397 630
630 156 398
400 4
130 572 569
401 69 572
572 401 130
569 130 189
401 3
133 578 572
578 398 133
572 133 400
402 5
40 609 596
404 70 609
609 404 40
406 596 70
596 40 406
403 4
145 604 605
604 190 145
404 605 70
605 145 404
404 3
147 605 609
605 403 147
609 147 402
405 4
139 592 591
406 70 592
592 406 139
591 139 190
406 3
141 596 592
596 402 141
592 141 405
407 5
41 621 633
409 71 621
621 409 41
411 633 71
633 41 411
408 4
150 616 617
616 191 150
409 617 71
617 150 409
409 3
152 617 621
617 408 152
621 152 407
410 4
155 629 628
411 71 629
629 411 155
628 155 191
411 3
157 633 629
633 407 157
629 157 410
412 1
2 175 174
413 1
74 194 337
414 1
76 334 196
415 2
16 299 211
417 211 73
416 3
74 419 194
417 73 419
419 417 74
417 2
91 211 419
419 91 416
418 3
25 465 335
419 74 465
465 419 25
419 2
91 417 465
465 91 418
420 2
15 207 296
422 75 207
421 3
76 196 424
422 424 75
424 76 422
422 2
87 424 207
424 421 87
423 3
24 331 454
424 454 76
454 24 424
424 2
87 454 422
454 423 87
425 1
4 181 180
426 1
79 199 363
427 1
81 360 201
428 2
15 296 208
430 208 78
429 3
79 432 199
430 78 432
432 430 79
430 2
88 208 432
432 88 429
431 3
31 456 361
432 79 456
456 432 31
432 2
88 430 456
456 88 431
433 2
14 203 292
435 80 203
434 3
81 201 437
435 437 80
437 81 435
435 2
83 437 203
437 434 83
436 3
30 356 442
437 442 81
442 30 437
437 2
83 442 435
442 436 83
438 3
6 590 186
440 82 590
590 440 6
439 3
83 203 443
440 443 82
443 83 440
440 3
138 443 590
443 439 138
590 138 438
441 1
85 388 205
442 2
30 436 258
443 258 83
443 1
138 258 440
444 2
16 210 299
446 84 210
445 3
85 205 448
446 448 84
448 85 446
446 2
90 448 210
448 445 90
447 3
36 384 463
448 463 85
463 36 448
448 2
90 463 446
463 447 90
449 5
8 546 591
451 86 546
546 451 8
453 591 86
591 8 453
450 3
87 207 455
451 455 86
455 87 451
451 3
121 455 546
455 450 121
546 121 449
452 3
88 457 208
453 86 457
457 453 88
453 3
139 591 457
591 449 139
457 139 452
454 2
24 423 241
455 241 87
455 1
121 241 451
456 2
31 259 431
457 88 259
457 1
139 453 259
458 5
9 616 551
460 89 616
616 460 9
462 551 89
551 9 462
459 3
90 210 464
460 464 89
464 90 460
460 3
150 464 616
464 459 150
616 150 458
461 3
91 466 211
462 89 466
466 462 91
462 3
123 551 466
551 458 123
466 123 461
463 2
36 447 270
464 270 90
464 1
150 270 460
465 2
25 243 418
466 91 243
466 1
123 462 243
467 1
3 178 179
468 1
94 214 350
469 1
96 355 216
470 2
20 316 228
472 228 93
471 3
94 474 214
472 93 474
474 472 94
472 2
108 228 474
474 108 471
473 3
28 511 348
474 94 511
511 474 28
474 2
108 472 511
511 108 473
475 2
21 230 319
477 95 230
476 3
96 216 479
477 479 95
479 96 477
477 2
110 479 230
479 476 110
478 3
29 352 518
479 518 96
518 29 479
479 2
110 518 477
518 478 110
480 1
4 180 182
481 1
99 219 358
482 1
101 369 221
483 2
19 312 225
485 225 98
484 3
99 487 219
485 98 487
487 485 99
485 2
105 225 487
487 105 484
486 3
30 502 356
487 99 502
502 487 30
487 2
105 485 502
502 105 486
488 2
20 227 316
490 100 227
489 3
101 221 492
490 492 100
492 101 490
490 2
107 492 227
492 489 107
491 3
32 366 509
492 509 101
509 32 492
492 2
107 509 490
509 491 107
493 3
6 187 590
496 590 102
590 6 496
494 1
104 224 391
495 3
105 503 225
496 102 503
503 496 105
496 3
138 590 503
590 493 138
503 138 495
497 2
21 319 231
499 231 103
498 3
104 501 224
499 103 501
501 499 104
499 2
111 231 501
501 111 498
500 3
37 520 389
501 104 520
520 501 37
501 2
111 499 520
520 111 500
502 2
30 258 486
503 105 258
503 1
138 496 258
504 5
10 598 580
506 106 598
598 506 10
508 580 106
580 10 508
505 3
107 227 510
506 510 106
510 107 506
506 3
142 510 598
510 505 142
598 142 504
507 3
108 512 228
508 106 512
512 508 108
508 3
134 580 512
580 504 134
512 134 507
509 2
32 491 262
510 262 107
510 1
142 262 506
511 2
28 254 473
512 108 254
512 1
134 508 254
513 5
11 585 623
515 109 585
585 515 11
517 623 109
623 11 517
514 3
110 230 519
515 519 109
519 110 515
515 3
136 519 585
519 514 136
585 136 513
516 3
111 521 231
517 109 521
521 517 111
517 3
153 623 521
623 513 153
521 153 516
518 2
29 478 256
519 256 110
519 1
136 256 515
520 2
37 273 500
521 111 273
521 1
153 517 273
522 1
5 183 184
523 1
114 234 372
524 1
116 379 236
525 2
23 327 240
527 240 113
526 3
114 529 234
527 113 529
529 527 114
527 2
120 240 529
529 120 526
528 3
33 544 370
529 114 544
544 529 33
529 2
120 527 544
544 120 528
530 2
24 242 331
532 115 242
531 3
116 236 534
532 534 115
534 116 532
532 2
122 534 242
534 531 122
533 3
34 375 549
534 549 116
549 34 534
534 2
122 549 532
549 533 122
535 3
7 188 603
538 603 117
603 7 538
536 1
119 239 395
537 3
120 545 240
538 117 545
545 538 120
538 3
144 603 545
603 535 144
545 144 537
539 2
25 335 244
541 244 118
540 3
119 543 239
541 118 543
543 541 119
541 2
124 244 543
543 124 540
542 3
38 554 393
543 119 554
554 543 38
543 2
124 541 554
554 124 542
544 2
33 264 528
545 120 264
545 1
144 538 264
546 3
8 604 449
548 121 604
604 548 8
547 3
122 242 550
548 550 121
550 122 548
548 3
145 550 604
550 547 145
604 145 546
549 2
34 533 265
550 265 122
550 1
145 265 548
551 3
9 458 628
553 628 123
628 9 553
552 3
124 555 244
553 123 555
555 553 124
553 3
155 628 555
628 551 155
555 155 552
554 2
38 275 542
555 124 275
555 1
155 553 275
556 1
5 185 183
557 1
127 247 382
558 1
129 374 249
559 2
28 348 255
561 255 126
560 3
127 563 247
561 126 563
563 561 127
561 2
135 255 563
563 135 560
562 3
35 583 380
563 127 583
583 563 35
563 2
135 561 583
583 135 562
564 2
27 251 344
566 128 251
565 3
129 249 568
566 568 128
568 129 566
566 2
131 568 251
568 565 131
567 3
33 370 573
568 573 129
573 33 568
568 2
131 573 566
573 567 131
569 3
7 603 189
571 130 603
603 571 7
570 3
131 251 574
571 574 130
574 131 571
571 3
144 574 603
574 570 144
603 144 569
572 1
133 401 253
573 2
33 567 264
574 264 131
574 1
144 264 571
575 2
29 257 352
577 132 257
576 3
133 253 579
577 579 132
579 133 577
577 2
137 579 257
579 576 137
578 3
39 398 588
579 588 133
588 39 579
579 2
137 588 577
588 578 137
580 3
10 504 611
582 611 134
611 10 582
581 3
135 584 255
582 134 584
584 582 135
582 3
148 611 584
611 580 148
584 148 581
583 2
35 268 562
584 135 268
584 1
148 582 268
585 3
11 635 513
587 136 635
635 587 11
586 3
137 257 589
587 589 136
589 137 587
587 3
158 589 635
589 586 158
635 158 585
588 2
39 578 278
589 278 137
589 1
158 278 587
590 1
6 493 438
591 1
8 449 190
592 1
141 406 261
593 2
32 263 366
595 140 263
594 3
141 261 597
595 597 140
597 141 595
595 2
143 597 263
597 594 143
596 3
40 402 601
597 601 141
601 40 597
597 2
143 601 595
601 596 143
598 3
10 640 504
600 142 640
640 600 10
599 3
143 263 602
600 602 142
602 143 600
600 3
160 602 640
602 599 160
640 160 598
601 2
40 596 280
602 280 143
602 1
160 280 600
603 1
7 535 569
604 1
8 190 546
605 1
147 267 404
606 2
35 380 269
608 269 146
607 3
147 610 267
608 146 610
610 608 147
608 2
149 269 610
610 149 607
609 3
40 614 402
610 147 614
614 610 40
610 2
149 608 614
614 149 609
611 3
10 580 640
613 640 148
640 10 613
612 3
149 615 269
613 148 615
615 613 149
613 3
160 640 615
640 611 160
615 160 612
614 2
40 280 609
615 149 280
615 1
160 613 280
616 1
9 191 458
617 1
152 272 409
618 2
37 389 274
620 274 151
619 3
152 622 272
620 151 622
622 620 152
620 2
154 274 622
622 154 619
621 3
41 626 407
622 152 626
626 622 41
622 2
154 620 626
626 154 621
623 3
11 513 641
625 641 153
641 11 625
624 3
154 627 274
625 153 627
627 625 154
625 3
161 641 627
641 623 161
627 161 624
626 2
41 281 621
627 154 281
627 1
161 625 281
628 1
9 551 191
629 1
157 411 277
630 2
39 279 398
632 156 279
631 3
157 277 634
632 634 156
634 157 632
632 2
159 634 279
634 631 159
633 3
41 407 638
634 638 157
638 41 634
634 2
159 638 632
638 633 159
635 3
11 641 585
637 158 641
641 637 11
636 3
159 279 639
637 639 158
639 159 637
637 3
161 639 641
639 636 161
641 161 635
638 2
41 633 281
639 281 159
639 1
161 281 637
640 1
10 611 598
641 1
11 623 635
642 5
804 808 807
805 807 806
806 805 808
807 804 805
808 806 804
643 5
809 812 813
810 811 812
811 813 810
812 810 809
813 809 811
644 4
814 815 816
815 817 814
816 814 1054
817 1054 815
645 4
818 820 819
819 818 821
820 1109 818
821 819 1109
646 3
822 1122 1067
823 1067 824
824 823 1122
647 3
825 1164 1198
826 827 1164
827 1198 826
648 2
828 829 1080
829 1135 828
649 2
830 1177 831
831 830 1211
650 1
832 1246 1233
651 1
833 1258 1270
652 0
653 0
654 5
834 836 838
835 924 836
836 835 834
837 838 924
838 834 837
655 5
839 841 843
840 929 841
841 840 839
842 843 929
843 839 842
656 4
844 845 847
845 1075 844
846 847 934
847 844 846
657 3
848 849 850
849 1062 848
850 848 1070
658 3
851 852 853
852 1086 851
853 851 1057
659 5
854 856 858
855 944 856
856 855 854
857 858 944
858 854 857
660 5
859 861 863
860 949 861
861 860 859
862 863 949
863 859 862
661 4
864 866 867
865 954 866
866 865 864
867 864 1125
662 3
868 869 870
869 1130 868
870 868 1112
663 3
871 872 873
872 1117 871
873 871 1139
664 5
874 876 878
875 964 876
876 875 874
877 878 964
878 874 877
665 4
879 881 882
880 969 881
881 880 879
882 879 1167
666 2
883 884 1096
884 1172 883
667 2
885 1107 886
886 885 1181
668 5
887 889 891
888 981 889
889 888 887
890 891 981
891 887 890
669 4
892 893 895
893 1206 892
894 895 986
895 892 894
670 2
896 1153 897
897 896 1201
671 2
898 899 1160
899 1217 898
672 1
900 1144 1084
673 3
901 1098 903
902 903 1003
903 901 902
674 2
904 905 1151
905 1235 904
675 1
906 1186 1215
676 3
907 909 1191
908 1017 909
909 908 907
677 2
910 1225 911
911 910 1248
678 3
912 914 1105
913 1026 914
914 913 912
679 2
915 1162 916
916 915 1260
680 3
917 1196 919
918 919 1035
919 917 918
681 2
920 921 1230
921 1272 920
682 1
922 1256 1243
683 1
923 1268 1280
684 5
924 926 928
925 804 926
926 925 924
927 928 804
928 924 927
685 5
929 931 933
930 805 931
931 930 929
932 933 805
933 929 932
686 4
934 935 937
935 932 934
936 937 806
937 934 936
687 3
938 939 940
939 927 938
940 938 930
688 3
941 942 943
942 936 941
943 941 925
689 5
944 946 948
945 809 946
946 945 944
947 948 809
948 944 947
690 5
949 951 953
950 810 951
951 950 949
952 953 810
953 949 952
691 4
954 956 957
955 811 956
956 955 954
957 954 950
692 3
958 959 960
959 952 958
960 958 945
693 3
961 962 963
962 947 961
963 961 955
694 5
964 966 968
965 814 966
966 965 964
967 968 814
968 964 967
695 4
969 971 972
970 815 971
971 970 969
972 969 965
696 4
973 974 976
974 967 973
975 976 816
976 973 975
697 4
977 979 980
978 817 979
979 978 977
980 977 970
698 5
981 983 985
982 818 983
983 982 981
984 985 818
985 981 984
699 4
986 987 989
987 984 986
988 989 819
989 986 988
700 4
990 992 993
991 820 992
992 991 990
993 990 982
701 4
994 995 997
995 988 994
996 997 821
997 994 996
702 5
998 1000 1002
999 822 1000
1000 999 998
1001 1002 822
1002 998 1001
703 5
1003 1005 1007
1004 823 1005
1005 1004 1003
1006 1007 823
1007 1003 1006
704 4
1008 1009 1011
1009 1006 1008
1010 1011 824
1011 1008 1010
705 5
1012 1014 1016
1013 825 1014
1014 1013 1012
1015 1016 825
1016 1012 1015
706 5
1017 1019 1021
1018 826 1019
1019 1018 1017
1020 1021 826
1021 1017 1020
707 4
1022 1024 1025
1023 827 1024
1024 1023 1022
1025 1022 1018
708 5
1026 1028 1030
1027 828 1028
1028 1027 1026
1029 1030 828
1030 1026 1029
709 4
1031 1033 1034
1032 829 1033
1033 1032 1031
1034 1031 1027
710 5
1035 1037 1039
1036 830 1037
1037 1036 1035
1038 1039 830
1039 1035 1038
711 4
1040 1041 1043
1041 1038 1040
1042 1043 831
1043 1040 1042
712 5
1044 1046 1048
1045 832 1046
1046 1045 1044
1047 1048 832
1048 1044 1047
713 5
1049 1051 1053
1050 833 1051
1051 1050 1049
1052 1053 833
1053 1049 1052
714 3
1054 978 975
1055 834 978
1056 975 834
715 3
1057 943 1059
1058 1059 835
1059 1057 1058
716 2
1060 1061 979
1061 1058 1060
717 3
1062 1064 939
1063 837 1064
1064 1063 1062
718 2
1065 976 1066
1066 1065 1063
719 3
1067 1004 1001
1068 839 1004
1069 1001 839
720 3
1070 940 1072
1071 1072 840
1072 1070 1071
721 2
1073 1074 1005
1074 1071 1073
722 3
1075 1077 935
1076 842 1077
1077 1076 1075
723 2
1078 1002 1079
1079 1078 1076
724 4
1080 1082 1029
1081 844 1082
1082 1081 1080
1083 1029 844
725 2
1084 1079 1085
1085 1084 1081
726 3
1086 1088 942
1087 846 1088
1088 1087 1086
727 2
1089 1030 1090
1090 1089 1087
728 5
1091 1093 1095
1092 848 1093
1093 1092 1091
1094 1095 848
1095 1091 1094
729 2
1096 1066 1097
1097 1096 1092
730 2
1098 1099 1074
1099 1094 1098
731 5
1100 1102 1104
1101 851 1102
1102 1101 1100
1103 1104 851
1104 1100 1103
732 2
1105 1090 1106
1106 1105 1101
733 2
1107 1108 1061
1108 1103 1107
734 3
1109 991 996
1110 854 991
1111 996 854
735 3
1112 960 1114
1113 1114 855
1114 1112 1113
736 2
1115 1116 992
1116 1113 1115
737 3
1117 1119 962
1118 857 1119
1119 1118 1117
738 2
1120 997 1121
1121 1120 1118
739 3
1122 999 1010
1123 859 999
1124 1010 859
740 3
1125 957 1127
1126 1127 860
1127 1125 1126
741 2
1128 1129 1000
1129 1126 1128
742 3
1130 1132 959
1131 862 1132
1132 1131 1130
743 2
1133 1011 1134
1134 1133 1131
744 4
1135 1032 1138
1136 864 1032
1137 1138 864
1138 1135 1137
745 3
1139 963 1141
1140 1141 865
1141 1139 1140
746 2
1142 1143 1033
1143 1140 1142
747 2
1144 1145 1129
1145 1137 1144
748 5
1146 1148 1150
1147 868 1148
1148 1147 1146
1149 1150 868
1150 1146 1149
749 2
1151 1134 1152
1152 1151 1147
750 2
1153 1154 1116
1154 1149 1153
751 5
1155 1157 1159
1156 871 1157
1157 1156 1155
1158 1159 871
1159 1155 1158
752 2
1160 1121 1161
1161 1160 1156
753 2
1162 1163 1143
1163 1158 1162
754 3
1164 1013 1020
1165 874 1013
1166 1020 874
755 3
1167 972 1169
1168 1169 875
1169 1167 1168
756 2
1170 1171 1014
1171 1168 1170
757 3
1172 1174 974
1173 877 1174
1174 1173 1172
758 2
1175 1021 1176
1176 1175 1173
759 4
1177 1036 1180
1178 879 1036
1179 1180 879
1180 1177 1179
760 3
1181 980 1183
1182 1183 880
1183 1181 1182
761 2
1184 1185 1037
1185 1182 1184
762 2
1186 1187 1171
1187 1179 1186
763 3
1188 1190 1093
1189 883 1190
1190 1189 1188
764 2
1191 1176 1192
1192 1191 1189
765 3
1193 1104 1195
1194 1195 885
1195 1193 1194
766 2
1196 1197 1185
1197 1194 1196
767 3
1198 1023 1015
1199 887 1023
1200 1015 887
768 3
1201 993 1203
1202 1203 888
1203 1201 1202
769 2
1204 1205 1024
1205 1202 1204
770 3
1206 1208 987
1207 890 1208
1208 1207 1206
771 2
1209 1016 1210
1210 1209 1207
772 4
1211 1213 1042
1212 892 1213
1213 1212 1211
1214 1042 892
773 2
1215 1210 1216
1216 1215 1212
774 3
1217 1219 995
1218 894 1219
1219 1218 1217
775 2
1220 1043 1221
1221 1220 1218
776 3
1222 1150 1224
1223 1224 896
1224 1222 1223
777 2
1225 1226 1205
1226 1223 1225
778 3
1227 1229 1157
1228 898 1229
1229 1228 1227
779 2
1230 1221 1231
1231 1230 1228
780 1
1232 1138 1082
781 2
1233 1095 1047
1234 1047 901
782 3
1235 1237 1009
1236 902 1237
1237 1236 1235
783 2
1238 1048 1239
1239 1238 1236
784 3
1240 1242 1148
1241 904 1242
1242 1241 1240
785 2
1243 1239 1244
1244 1243 1241
786 1
1245 1180 1213
787 2
1246 1045 1190
1247 907 1045
788 3
1248 1025 1250
1249 1250 908
1250 1248 1249
789 2
1251 1252 1046
1252 1249 1251
790 3
1253 1224 1255
1254 1255 910
1255 1253 1254
791 2
1256 1257 1252
1257 1254 1256
792 2
1258 1050 1102
1259 912 1050
793 3
1260 1034 1262
1261 1262 913
1262 1260 1261
794 2
1263 1264 1051
1264 1261 1263
795 3
1265 1159 1267
1266 1267 915
1267 1265 1266
796 2
1268 1269 1264
1269 1266 1268
797 2
1270 1195 1052
1271 1052 917
798 3
1272 1274 1041
1273 918 1274
1274 1273 1272
799 2
1275 1053 1276
1276 1275 1273
800 3
1277 1279 1229
1278 920 1279
1279 1278 1277
801 2
1280 1276 1281
1281 1280 1278
802 1
1282 1255 1242
803 1
1283 1267 1279
804 5
684 925 927
808 642 925
925 808 684
807 927 642
927 684 807
805 5
685 930 932
807 642 930
930 807 685
806 932 642
932 685 806
806 4
686 932 936
932 805 686
808 936 642
936 686 808
807 3
687 927 930
927 804 687
930 687 805
808 3
688 936 925
936 806 688
925 688 804
809 5
689 945 947
812 643 945
945 812 689
813 947 643
947 689 813
810 5
690 950 952
811 643 950
950 811 690
812 952 643
952 690 812
811 4
691 955 950
813 643 955
955 813 691
950 691 810
812 3
692 952 945
952 810 692
945 692 809
813 3
693 947 955
947 809 693
955 693 811
814 5
694 965 967
815 644 965
965 815 694
816 967 644
967 694 816
815 4
695 970 965
817 644 970
970 817 695
965 695 814
816 4
696 967 975
967 814 696
1054 975 644
975 696 1054
817 4
697 978 970
1054 644 978
978 1054 697
970 697 815
818 5
698 982 984
820 645 982
982 820 698
819 984 645
984 698 819
819 4
699 984 988
984 818 699
821 988 645
988 699 821
820 4
700 991 982
1109 645 991
991 1109 700
982 700 818
821 4
701 988 996
988 819 701
1109 996 645
996 701 1109
822 5
702 999 1001
1122 646 999
999 1122 702
1067 1001 646
1001 702 1067
823 5
703 1004 1006
1067 646 1004
1004 1067 703
824 1006 646
1006 703 824
824 4
704 1006 1010
1006 823 704
1122 1010 646
1010 704 1122
825 5
705 1013 1015
1164 647 1013
1013 1164 705
1198 1015 647
1015 705 1198
826 5
706 1018 1020
827 647 1018
1018 827 706
1164 1020 647
1020 706 1164
827 4
707 1023 1018
1198 647 1023
1023 1198 707
1018 707 826
828 5
708 1027 1029
829 648 1027
1027 829 708
1080 1029 648
1029 708 1080
829 4
709 1032 1027
1135 648 1032
1032 1135 709
1027 709 828
830 5
710 1036 1038
1177 649 1036
1036 1177 710
831 1038 649
1038 710 831
831 4
711 1038 1042
1038 830 711
1211 1042 649
1042 711 1211
832 5
712 1045 1047
1246 650 1045
1045 1246 712
1233 1047 650
1047 712 1233
833 5
713 1050 1052
1258 651 1050
1050 1258 713
1270 1052 651
1052 713 1270
834 5
714 1055 1056
836 654 1055
1055 836 714
838 1056 654
1056 714 838
835 5
715 926 1058
924 654 926
926 924 715
836 1058 654
1058 715 836
836 3
716 1058 1055
1058 835 716
1055 716 834
837 5
717 1063 928
838 654 1063
1063 838 717
924 928 654
928 717 924
838 3
718 1056 1063
1056 834 718
1063 718 837
839 5
719 1068 1069
841 655 1068
1068 841 719
843 1069 655
1069 719 843
840 5
720 931 1071
929 655 931
931 929 720
841 1071 655
1071 720 841
841 3
721 1071 1068
1071 840 721
1068 721 839
842 5
722 1076 933
843 655 1076
1076 843 722
929 933 655
933 722 929
843 3
723 1069 1076
1069 839 723
1076 723 842
844 5
724 1081 1083
845 656 1081
1081 845 724
847 1083 656
1083 724 847
845 4
725 1077 1081
1075 656 1077
1077 1075 725
1081 725 844
846 5
726 1087 937
847 656 1087
1087 847 726
934 937 656
937 726 934
847 3
727 1083 1087
1083 844 727
1087 727 846
848 5
728 1092 1094
849 657 1092
1092 849 728
850 1094 657
1094 728 850
849 4
729 1064 1092
1062 657 1064
1064 1062 729
1092 729 848
850 4
730 1094 1072
1094 848 730
1070 1072 657
1072 730 1070
851 5
731 1101 1103
852 658 1101
1101 852 731
853 1103 658
1103 731 853
852 4
732 1088 1101
1086 658 1088
1088 1086 732
1101 732 851
853 4
733 1103 1059
1103 851 733
1057 1059 658
1059 733 1057
854 5
734 1110 1111
856 659 1110
1110 856 734
858 1111 659
1111 734 858
855 5
735 946 1113
944 659 946
946 944 735
856 1113 659
1113 735 856
856 3
736 1113 1110
1113 855 736
1110 736 854
857 5
737 1118 948
858 659 1118
1118 858 737
944 948 659
948 737 944
858 3
738 1111 1118
1111 854 738
1118 738 857
859 5
739 1123 1124
861 660 1123
1123 861 739
863 1124 660
1124 739 863
860 5
740 951 1126
949 660 951
951 949 740
861 1126 660
1126 740 861
861 3
741 1126 1123
1126 860 741
1123 741 859
862 5
742 1131 953
863 660 1131
1131 863 742
949 953 660
953 742 949
863 3
743 1124 1131
1124 859 743
1131 743 862
864 5
744 1136 1137
866 661 1136
1136 866 744
867 1137 661
1137 744 867
865 5
745 956 1140
954 661 956
956 954 745
866 1140 661
1140 745 866
866 3
746 1140 1136
1140 865 746
1136 746 864
867 4
747 1137 1127
1137 864 747
1125 1127 661
1127 747 1125
868 5
748 1147 1149
869 662 1147
1147 869 748
870 1149 662
1149 748 870
869 4
749 1132 1147
1130 662 1132
1132 1130 749
1147 749 868
870 4
750 1149 1114
1149 868 750
1112 1114 662
1114 750 1112
871 5
751 1156 1158
872 663 1156
1156 872 751
873 1158 663
1158 751 873
872 4
752 1119 1156
1117 663 1119
1119 1117 752
1156 752 871
873 4
753 1158 1141
1158 871 753
1139 1141 663
1141 753 1139
874 5
754 1165 1166
876 664 1165
1165 876 754
878 1166 664
1166 754 878
875 5
755 966 1168
964 664 966
966 964 755
876 1168 664
1168 755 876
876 3
756 1168 1165
1168 875 756
1165 756 874
877 5
757 1173 968
878 664 1173
1173 878 757
964 968 664
968 757 964
878 3
758 1166 1173
1166 874 758
1173 758 877
879 5
759 1178 1179
881 665 1178
1178 881 759
882 1179 665
1179 759 882
880 5
760 971 1182
969 665 971
971 969 760
881 1182 665
1182 760 881
881 3
761 1182 1178
1182 880 761
1178 761 879
882 4
762 1179 1169
1179 879 762
1167 1169 665
1169 762 1167
883 5
763 1189 1097
884 666 1189
1189 884 763
1096 1097 666
1097 763 1096
884 4
764 1174 1189
1172 666 1174
1174 1172 764
1189 764 883
885 5
765 1108 1194
1107 667 1108
1108 1107 765
886 1194 667
1194 765 886
886 4
766 1194 1183
1194 885 766
1181 1183 667
1183 766 1181
887 5
767 1199 1200
889 668 1199
1199 889 767
891 1200 668
1200 767 891
888 5
768 983 1202
981 668 983
983 981 768
889 1202 668
1202 768 889
889 3
769 1202 1199
1202 888 769
1199 769 887
890 5
770 1207 985
891 668 1207
1207 891 770
981 985 668
985 770 981
891 3
771 1200 1207
1200 887 771
1207 771 890
892 5
772 1212 1214
893 669 1212
1212 893 772
895 1214 669
1214 772 895
893 4
773 1208 1212
1206 669 1208
1208 1206 773
1212 773 892
894 5
774 1218 989
895 669 1218
1218 895 774
986 989 669
989 774 986
895 3
775 1214 1218
1214 892 775
1218 775 894
896 5
776 1154 1223
1153 670 1154
1154 1153 776
897 1223 670
1223 776 897
897 4
777 1223 1203
1223 896 777
1201 1203 670
1203 777 1201
898 5
778 1228 1161
899 671 1228
1228 899 778
1160 1161 671
1161 778 1160
899 4
779 1219 1228
1217 671 1219
1219 1217 779
1228 779 898
900 5
780 1145 1085
1144 672 1145
1145 1144 780
1084 1085 672
1085 780 1084
901 5
781 1099 1234
1098 673 1099
1099 1098 781
903 1234 673
1234 781 903
902 5
782 1236 1007
903 673 1236
1236 903 782
1003 1007 673
1007 782 1003
903 3
783 1234 1236
1234 901 783
1236 783 902
904 5
784 1241 1152
905 674 1241
1241 905 784
1151 1152 674
1152 784 1151
905 4
785 1237 1241
1235 674 1237
1237 1235 785
1241 785 904
906 5
786 1187 1216
1186 675 1187
1187 1186 786
1215 1216 675
1216 786 1215
907 5
787 1247 1192
909 676 1247
1247 909 787
1191 1192 676
1192 787 1191
908 5
788 1019 1249
1017 676 1019
1019 1017 788
909 1249 676
1249 788 909
909 3
789 1249 1247
1249 908 789
1247 789 907
910 5
790 1226 1254
1225 677 1226
1226 1225 790
911 1254 677
1254 790 911
911 4
791 1254 1250
1254 910 791
1248 1250 677
1250 791 1248
912 5
792 1259 1106
914 678 1259
1259 914 792
1105 1106 678
1106 792 1105
913 5
793 1028 1261
1026 678 1028
1028 1026 793
914 1261 678
1261 793 914
914 3
794 1261 1259
1261 913 794
1259 794 912
915 5
795 1163 1266
1162 679 1163
1163 1162 795
916 1266 679
1266 795 916
916 4
796 1266 1262
1266 915 796
1260 1262 679
1262 796 1260
917 5
797 1197 1271
1196 680 1197
1197 1196 797
919 1271 680
1271 797 919
918 5
798 1273 1039
919 680 1273
1273 919 798
1035 1039 680
1039 798 1035
919 3
799 1271 1273
1271 917 799
1273 799 918
920 5
800 1278 1231
921 681 1278
1278 921 800
1230 1231 681
1231 800 1230
921 4
801 1274 1278
1272 681 1274
1274 1272 801
1278 801 920
922 5
802 1257 1244
1256 682 1257
1257 1256 802
1243 1244 682
1244 802 1243
923 5
803 1269 1281
1268 683 1269
1269 1268 803
1280 1281 683
1281 803 1280
924 3
654 835 837
926 684 835
928 837 684
925 3
688 808 943
926 943 684
943 688 926
926 2
715 943 835
943 925 715
927 3
687 939 807
928 684 939
939 928 687
928 2
717 837 939
939 717 927
929 3
655 840 842
931 685 840
933 842 685
930 3
687 807 940
931 940 685
940 687 931
931 2
720 940 840
940 930 720
932 3
686 935 806
933 685 935
935 933 686
933 2
722 842 935
935 722 932
934 4
656 1075 846
935 686 1075
1075 935 656
937 846 686
935 2
722 933 1075
1075 722 934
936 3
688 942 808
937 686 942
942 937 688
937 2
726 846 942
942 726 936
938 5
657 1062 1070
939 687 1062
1062 939 657
940 1070 687
1070 657 940
939 2
717 928 1062
1062 717 938
940 2
720 1070 931
1070 938 720
941 5
658 1086 1057
942 688 1086
1086 942 658
943 1057 688
1057 658 943
942 2
726 937 1086
1086 726 941
943 2
715 1057 926
1057 941 715
944 3
659 855 857
946 689 855
948 857 689
945 3
692 812 960
946 960 689
960 692 946
946 2
735 960 855
960 945 735
947 3
693 962 813
948 689 962
962 948 693
948 2
737 857 962
962 737 947
949 3
660 860 862
951 690 860
953 862 690
950 3
691 811 957
951 957 690
957 691 951
951 2
740 957 860
957 950 740
952 3
692 959 812
953 690 959
959 953 692
953 2
742 862 959
959 742 952
954 4
661 865 1125
956 691 865
957 1125 691
1125 661 957
955 3
693 813 963
956 963 691
963 693 956
956 2
745 963 865
963 955 745
957 2
740 1125 951
1125 954 740
958 5
662 1130 1112
959 692 1130
1130 959 662
960 1112 692
1112 662 960
959 2
742 953 1130
1130 742 958
960 2
735 1112 946
1112 958 735
961 5
663 1117 1139
962 693 1117
1117 962 663
963 1139 693
1139 663 963
962 2
737 948 1117
1117 737 961
963 2
745 1139 956
1139 961 745
964 3
664 875 877
966 694 875
968 877 694
965 3
695 815 972
966 972 694
972 695 966
966 2
755 972 875
972 965 755
967 3
696 974 816
968 694 974
974 968 696
968 2
757 877 974
974 757 967
969 4
665 880 1167
971 695 880
972 1167 695
1167 665 972
970 3
697 817 980
971 980 695
980 697 971
971 2
760 980 880
980 970 760
972 2
755 1167 966
1167 969 755
973 5
666 1172 1065
974 696 1172
1172 974 666
976 1065 696
1065 666 976
974 2
757 968 1172
1172 757 973
975 4
714 1056 1054
976 696 1056
1056 976 714
1054 714 816
976 3
718 1065 1056
1065 973 718
1056 718 975
977 5
667 1060 1181
979 697 1060
1060 979 667
980 1181 697
1181 667 980
978 4
714 1054 1055
1054 817 714
979 1055 697
1055 714 979
979 3
716 1055 1060
1055 978 716
1060 716 977
980 2
760 1181 971
1181 977 760
981 3
668 888 890
983 698 888
985 890 698
982 3
700 820 993
983 993 698
993 700 983
983 2
768 993 888
993 982 768
984 3
699 987 819
985 698 987
987 985 699
985 2
770 890 987
987 770 984
986 4
669 1206 894
987 699 1206
1206 987 669
989 894 699
987 2
770 985 1206
1206 770 986
988 3
701 995 821
989 699 995
995 989 701
989 2
774 894 995
995 774 988
990 5
670 1115 1201
992 700 1115
1115 992 670
993 1201 700
1201 670 993
991 4
734 1109 1110
1109 820 734
992 1110 700
1110 734 992
992 3
736 1110 1115
1110 991 736
1115 736 990
993 2
768 1201 983
1201 990 768
994 5
671 1217 1120
995 701 1217
1217 995 671
997 1120 701
1120 671 997
995 2
774 989 1217
1217 774 994
996 4
734 1111 1109
997 701 1111
1111 997 734
1109 734 821
997 3
738 1120 1111
1120 994 738
1111 738 996
998 5
672 1128 1078
1000 702 1128
1128 1000 672
1002 1078 702
1078 672 1002
999 4
739 1122 1123
1122 822 739
1000 1123 702
1123 739 1000
1000 3
741 1123 1128
1123 999 741
1128 741 998
1001 4
719 1069 1067
1002 702 1069
1069 1002 719
1067 719 822
1002 3
723 1078 1069
1078 998 723
1069 723 1001
1003 4
673 1073 902
1005 703 1073
1073 1005 673
1007 902 703
1004 4
719 1067 1068
1067 823 719
1005 1068 703
1068 719 1005
1005 3
721 1068 1073
1068 1004 721
1073 721 1003
1006 3
704 1009 824
1007 703 1009
1009 1007 704
1007 2
782 902 1009
1009 782 1006
1008 5
674 1235 1133
1009 704 1235
1235 1009 674
1011 1133 704
1133 674 1011
1009 2
782 1007 1235
1235 782 1008
1010 4
739 1124 1122
1011 704 1124
1124 1011 739
1122 739 824
1011 3
743 1133 1124
1133 1008 743
1124 743 1010
1012 5
675 1170 1209
1014 705 1170
1170 1014 675
1016 1209 705
1209 675 1016
1013 4
754 1164 1165
1164 825 754
1014 1165 705
1165 754 1014
1014 3
756 1165 1170
1165 1013 756
1170 756 1012
1015 4
767 1200 1198
1016 705 1200
1200 1016 767
1198 767 825
1016 3
771 1209 1200
1209 1012 771
1200 771 1015
1017 4
676 908 1175
1019 706 908
1021 1175 706
1175 676 1021
1018 3
707 827 1025
1019 1025 706
1025 707 1019
1019 2
788 1025 908
1025 1018 788
1020 4
754 1166 1164
1021 706 1166
1166 1021 754
1164 754 826
1021 3
758 1175 1166
1175 1017 758
1166 758 1020
1022 5
677 1204 1248
1024 707 1204
1204 1024 677
1025 1248 707
1248 677 1025
1023 4
767 1198 1199
1198 827 767
1024 1199 707
1199 767 1024
1024 3
769 1199 1204
1199 1023 769
1204 769 1022
1025 2
788 1248 1019
1248 1022 788
1026 4
678 913 1089
1028 708 913
1030 1089 708
1089 678 1030
1027 3
709 829 1034
1028 1034 708
1034 709 1028
1028 2
793 1034 913
1034 1027 793
1029 4
724 1083 1080
1030 708 1083
1083 1030 724
1080 724 828
1030 3
727 1089 1083
1089 1026 727
1083 727 1029
1031 5
679 1142 1260
1033 709 1142
1142 1033 679
1034 1260 709
1260 679 1034
1032 4
744 1135 1136
1135 829 744
1033 1136 709
1136 744 1033
1033 3
746 1136 1142
1136 1032 746
1142 746 1031
1034 2
793 1260 1028
1260 1031 793
1035 4
680 1184 918
1037 710 1184
1184 1037 680
1039 918 710
1036 4
759 1177 1178
1177 830 759
1037 1178 710
1178 759 1037
1037 3
761 1178 1184
1178 1036 761
1184 761 1035
1038 3
711 1041 831
1039 710 1041
1041 1039 711
1039 2
798 918 1041
1041 798 1038
1040 5
681 1272 1220
1041 711 1272
1272 1041 681
1043 1220 711
1220 681 1043
1041 2
798 1039 1272
1272 798 1040
1042 4
772 1214 1211
1043 711 1214
1214 1043 772
1211 772 831
1043 3
775 1220 1214
1220 1040 775
1214 775 1042
1044 5
682 1251 1238
1046 712 1251
1251 1046 682
1048 1238 712
1238 682 1048
1045 4
787 1246 1247
1246 832 787
1046 1247 712
1247 787 1046
1046 3
789 1247 1251
1247 1045 789
1251 789 1044
1047 4
781 1234 1233
1048 712 1234
1234 1048 781
1233 781 832
1048 3
783 1238 1234
1238 1044 783
1234 783 1047
1049 5
683 1263 1275
1051 713 1263
1263 1051 683
1053 1275 713
1275 683 1053
1050 4
792 1258 1259
1258 833 792
1051 1259 713
1259 792 1051
1051 3
794 1259 1263
1259 1050 794
1263 794 1049
1052 4
797 1271 1270
1053 713 1271
1271 1053 797
1270 797 833
1053 3
799 1275 1271
1275 1049 799
1271 799 1052
1054 1
644 817 816
1055 1
716 836 979
1056 1
718 976 838
1057 2
658 941 853
1059 853 715
1058 3
716 1061 836
1059 715 1061
1061 1059 716
1059 2
733 853 1061
1061 733 1058
1060 3
667 1107 977
1061 716 1107
1107 1061 667
1061 2
733 1059 1107
1107 733 1060
1062 2
657 849 938
1064 717 849
1063 3
718 838 1066
1064 1066 717
1066 718 1064
1064 2
729 1066 849
1066 1063 729
1065 3
666 973 1096
1066 1096 718
1096 666 1066
1066 2
729 1096 1064
1096 1065 729
1067 1
646 823 822
1068 1
721 841 1005
1069 1
723 1002 843
1070 2
657 938 850
1072 850 720
1071 3
721 1074 841
1072 720 1074
1074 1072 721
1072 2
730 850 1074
1074 730 1071
1073 3
673 1098 1003
1074 721 1098
1098 1074 673
1074 2
730 1072 1098
1098 730 1073
1075 2
656 845 934
1077 722 845
1076 3
723 843 1079
1077 1079 722
1079 723 1077
1077 2
725 1079 845
1079 1076 725
1078 3
672 998 1084
1079 1084 723
1084 672 1079
1079 2
725 1084 1077
1084 1078 725
1080 3
648 1232 828
1082 724 1232
1232 1082 648
1081 3
725 845 1085
1082 1085 724
1085 725 1082
1082 3
780 1085 1232
1085 1081 780
1232 780 1080
1083 1
727 1030 847
1084 2
672 1078 900
1085 900 725
1085 1
780 900 1082
1086 2
658 852 941
1088 726 852
1087 3
727 847 1090
1088 1090 726
1090 727 1088
1088 2
732 1090 852
1090 1087 732
1089 3
678 1026 1105
1090 1105 727
1105 678 1090
1090 2
732 1105 1088
1105 1089 732
1091 5
650 1188 1233
1093 728 1188
1188 1093 650
1095 1233 728
1233 650 1095
1092 3
729 849 1097
1093 1097 728
1097 729 1093
1093 3
763 1097 1188
1097 1092 763
1188 763 1091
1094 3
730 1099 850
1095 728 1099
1099 1095 730
1095 3
781 1233 1099
1233 1091 781
1099 781 1094
1096 2
666 1065 883
1097 883 729
1097 1
763 883 1093
1098 2
673 901 1073
1099 730 901
1099 1
781 1095 901
1100 5
651 1258 1193
1102 731 1258
1258 1102 651
1104 1193 731
1193 651 1104
1101 3
732 852 1106
1102 1106 731
1106 732 1102
1102 3
792 1106 1258
1106 1101 792
1258 792 1100
1103 3
733 1108 853
1104 731 1108
1108 1104 733
1104 3
765 1193 1108
1193 1100 765
1108 765 1103
1105 2
678 1089 912
1106 912 732
1106 1
792 912 1102
1107 2
667 885 1060
1108 733 885
1108 1
765 1104 885
1109 1
645 820 821
1110 1
736 856 992
1111 1
738 997 858
1112 2
662 958 870
1114 870 735
1113 3
736 1116 856
1114 735 1116
1116 1114 736
1114 2
750 870 1116
1116 750 1113
1115 3
670 1153 990
1116 736 1153
1153 1116 670
1116 2
750 1114 1153
1153 750 1115
1117 2
663 872 961
1119 737 872
1118 3
738 858 1121
1119 1121 737
1121 738 1119
1119 2
752 1121 872
1121 1118 752
1120 3
671 994 1160
1121 1160 738
1160 671 1121
1121 2
752 1160 1119
1160 1120 752
1122 1
646 822 824
1123 1
741 861 1000
1124 1
743 1011 863
1125 2
661 954 867
1127 867 740
1126 3
741 1129 861
1127 740 1129
1129 1127 741
1127 2
747 867 1129
1129 747 1126
1128 3
672 1144 998
1129 741 1144
1144 1129 672
1129 2
747 1127 1144
1144 747 1128
1130 2
662 869 958
1132 742 869
1131 3
743 863 1134
1132 1134 742
1134 743 1132
1132 2
749 1134 869
1134 1131 749
1133 3
674 1008 1151
1134 1151 743
1151 674 1134
1134 2
749 1151 1132
1151 1133 749
1135 3
648 829 1232
1138 1232 744
1232 648 1138
1136 1
746 866 1033
1137 3
747 1145 867
1138 744 1145
1145 1138 747
1138 3
780 1232 1145
1232 1135 780
1145 780 1137
1139 2
663 961 873
1141 873 745
1140 3
746 1143 866
1141 745 1143
1143 1141 746
1141 2
753 873 1143
1143 753 1140
1142 3
679 1162 1031
1143 746 1162
1162 1143 679
1143 2
753 1141 1162
1162 753 1142
1144 2
672 900 1128
1145 747 900
1145 1
780 1138 900
1146 5
652 1240 1222
1148 748 1240
1240 1148 652
1150 1222 748
1222 652 1150
1147 3
749 869 1152
1148 1152 748
1152 749 1148
1148 3
784 1152 1240
1152 1147 784
1240 784 1146
1149 3
750 1154 870
1150 748 1154
1154 1150 750
1150 3
776 1222 1154
1222 1146 776
1154 776 1149
1151 2
674 1133 904
1152 904 749
1152 1
784 904 1148
1153 2
670 896 1115
1154 750 896
1154 1
776 1150 896
1155 5
653 1227 1265
1157 751 1227
1227 1157 653
1159 1265 751
1265 653 1159
1156 3
752 872 1161
1157 1161 751
1161 752 1157
1157 3
778 1161 1227
1161 1156 778
1227 778 1155
1158 3
753 1163 873
1159 751 1163
1163 1159 753
1159 3
795 1265 1163
1265 1155 795
1163 795 1158
1160 2
671 1120 898
1161 898 752
1161 1
778 898 1157
1162 2
679 915 1142
1163 753 915
1163 1
795 1159 915
1164 1
647 825 826
1165 1
756 876 1014
1166 1
758 1021 878
1167 2
665 969 882
1169 882 755
1168 3
756 1171 876
1169 755 1171
1171 1169 756
1169 2
762 882 1171
1171 762 1168
1170 3
675 1186 1012
1171 756 1186
1186 1171 675
1171 2
762 1169 1186
1186 762 1170
1172 2
666 884 973
1174 757 884
1173 3
758 878 1176
1174 1176 757
1176 758 1174
1174 2
764 1176 884
1176 1173 764
1175 3
676 1017 1191
1176 1191 758
1191 676 1176
1176 2
764 1191 1174
1191 1175 764
1177 3
649 830 1245
1180 1245 759
1245 649 1180
1178 1
761 881 1037
1179 3
762 1187 882
1180 759 1187
1187 1180 762
1180 3
786 1245 1187
1245 1177 786
1187 786 1179
1181 2
667 977 886
1183 886 760
1182 3
761 1185 881
1183 760 1185
1185 1183 761
1183 2
766 886 1185
1185 766 1182
1184 3
680 1196 1035
1185 761 1196
1196 1185 680
1185 2
766 1183 1196
1196 766 1184
1186 2
675 906 1170
1187 762 906
1187 1
786 1180 906
1188 3
650 1246 1091
1190 763 1246
1246 1190 650
1189 3
764 884 1192
1190 1192 763
1192 764 1190
1190 3
787 1192 1246
1192 1189 787
1246 787 1188
1191 2
676 1175 907
1192 907 764
1192 1
787 907 1190
1193 3
651 1100 1270
1195 1270 765
1270 651 1195
1194 3
766 1197 886
1195 765 1197
1197 1195 766
1195 3
797 1270 1197
1270 1193 797
1197 797 1194
1196 2
680 917 1184
1197 766 917
1197 1
797 1195 917
1198 1
647 827 825
1199 1
769 889 1024
1200 1
771 1016 891
1201 2
670 990 897
1203 897 768
1202 3
769 1205 889
1203 768 1205
1205 1203 769
1203 2
777 897 1205
1205 777 1202
1204 3
677 1225 1022
1205 769 1225
1225 1205 677
1205 2
777 1203 1225
1225 777 1204
1206 2
669 893 986
1208 770 893
1207 3
771 891 1210
1208 1210 770
1210 771 1208
1208 2
773 1210 893
1210 1207 773
1209 3
675 1012 1215
1210 1215 771
1215 675 1210
1210 2
773 1215 1208
1215 1209 773
1211 3
649 1245 831
1213 772 1245
1245 1213 649
1212 3
773 893 1216
1213 1216 772
1216 773 1213
1213 3
786 1216 1245
1216 1212 786
1245 786 1211
1214 1
775 1043 895
1215 2
675 1209 906
1216 906 773
1216 1
786 906 1213
1217 2
671 899 994
1219 774 899
1218 3
775 895 1221
1219 1221 774
1221 775 1219
1219 2
779 1221 899
1221 1218 779
1220 3
681 1040 1230
1221 1230 775
1230 681 1221
1221 2
779 1230 1219
1230 1220 779
1222 3
652 1146 1253
1224 1253 776
1253 652 1224
1223 3
777 1226 897
1224 776 1226
1226 1224 777
1224 3
790 1253 1226
1253 1222 790
1226 790 1223
1225 2
677 910 1204
1226 777 910
1226 1
790 1224 910
1227 3
653 1277 1155
1229 778 1277
1277 1229 653
1228 3
779 899 1231
1229 1231 778
1231 779 1229
1229 3
800 1231 1277
1231 1228 800
1277 800 1227
1230 2
681 1220 920
1231 920 779
1231 1
800 920 1229
1232 1
648 1135 1080
1233 1
650 1091 832
1234 1
783 1048 903
1235 2
674 905 1008
1237 782 905
1236 3
783 903 1239
1237 1239 782
1239 783 1237
1237 2
785 1239 905
1239 1236 785
1238 3
682 1044 1243
1239 1243 783
1243 682 1239
1239 2
785 1243 1237
1243 1238 785
1240 3
652 1282 1146
1242 784 1282
1282 1242 652
1241 3
785 905 1244
1242 1244 784
1244 785 1242
1242 3
802 1244 1282
1244 1241 802
1282 802 1240
1243 2
682 1238 922
1244 922 785
1244 1
802 922 1242
1245 1
649 1177 1211
1246 1
650 832 1188
1247 1
789 909 1046
1248 2
677 1022 911
1250 911 788
1249 3
789 1252 909
1250 788 1252
1252 1250 789
1250 2
791 911 1252
1252 791 1249
1251 3
682 1256 1044
1252 789 1256
1256 1252 682
1252 2
791 1250 1256
1256 791 1251
1253 3
652 1222 1282
1255 1282 790
1282 652 1255
1254 3
791 1257 911
1255 790 1257
1257 1255 791
1255 3
802 1282 1257
1282 1253 802
1257 802 1254
1256 2
682 922 1251
1257 791 922
1257 1
802 1255 922
1258 1
651 833 1100
1259 1
794 914 1051
1260 2
679 1031 916
1262 916 793
1261 3
794 1264 914
1262 793 1264
1264 1262 794
1262 2
796 916 1264
1264 796 1261
1263 3
683 1268 1049
1264 794 1268
1268 1264 683
1264 2
796 1262 1268
1268 796 1263
1265 3
653 1155 1283
1267 1283 795
1283 653 1267
1266 3
796 1269 916
1267 795 1269
1269 1267 796
1267 3
803 1283 1269
1283 1265 803
1269 803 1266
1268 2
683 923 1263
1269 796 923
1269 1
803 1267 923
1270 1
651 1193 833
1271 1
799 1053 919
1272 2
681 921 1040
1274 798 921
1273 3
799 919 1276
1274 1276 798
1276 799 1274
1274 2
801 1276 921
1276 1273 801
1275 3
683 1049 1280
1276 1280 799
1280 683 1276
1276 2
801 1280 1274
1280 1275 801
1277 3
653 1283 1227
1279 800 1283
1283 1279 653
1278 3
801 921 1281
1279 1281 800
1281 801 1279
1279 3
803 1281 1283
1281 1278 803
1283 803 1277
1280 2
683 1275 923
1281 923 801
1281 1
803 923 1279
1282 1
652 1253 1240
1283 1
653 1265 1277
