1 0 3 2 642
877.7083 558.1879 1.186646e-11 3.094077e-12
2.355051e+00 1.684558e+01 6.485811e+00 2.355051e+00 1.684558e+01 6.485811e+00 2.142746e-07 2.483680e-07 1.391879e-07 4.451966e-01
1.564318e+01 1.683728e+01 6.486057e+00 1.564318e+01 1.683728e+01 6.486057e+00 -5.508536e-08 2.132769e-07 5.866914e-08 4.525357e-01
2.358268e+00 2.116432e+01 2.513943e+00 2.358268e+00 2.116432e+01 2.513943e+00 5.506836e-08 -2.131351e-07 -5.867140e-08 4.385425e-01
1.564640e+01 2.115602e+01 2.514189e+00 1.564640e+01 2.115602e+01 2.514189e+00 -2.142910e-07 -2.482245e-07 -1.391898e-07 4.507303e-01
8.996225e+00 1.201328e+01 6.485257e+00 8.996225e+00 1.201328e+01 6.485257e+00 2.490287e-08 6.472978e-07 3.210109e-07 4.344950e-01
9.001019e+00 1.900303e+01 2.197098e+00 9.001019e+00 1.900303e+01 2.197098e+00 -9.685233e-08 -7.304040e-07 3.449970e-11 1.165787e+01
9.000426e+00 1.899856e+01 6.802902e+00 9.000426e+00 1.899856e+01 6.802902e+00 9.683797e-08 7.305498e-07 -3.449904e-11 7.115998e+00
9.005220e+00 2.598832e+01 2.514743e+00 9.005220e+00 2.598832e+01 2.514743e+00 -2.491811e-08 -6.471648e-07 -3.210073e-07 4.819932e-01
4.891942e+00 1.335354e+01 2.512897e+00 4.891942e+00 1.335354e+01 2.512897e+00 -2.637300e-07 -5.164174e-07 2.833009e-07 3.904705e-01
4.898811e+00 2.465342e+01 6.486952e+00 4.898811e+00 2.465342e+01 6.486952e+00 -1.718250e-07 4.593535e-07 -2.338705e-07 4.909880e-01
1.310263e+01 1.334817e+01 2.513048e+00 1.310263e+01 1.334817e+01 2.513048e+00 1.717992e-07 -4.592159e-07 2.338677e-07 3.961886e-01
1.310950e+01 2.464806e+01 6.487103e+00 1.310950e+01 2.464806e+01 6.487103e+00 2.637177e-07 5.165510e-07 -2.832999e-07 4.970177e-01
6.169817e-01 1.900609e+01 4.499735e+00 6.169817e-01 1.900609e+01 4.499735e+00 1.869041e-08 4.748536e-09 8.716935e-08 5.049911e-01
5.263743e+00 1.386322e+01 6.651862e+00 5.263743e+00 1.386322e+01 6.651862e+00 1.833118e-07 5.474470e-07 1.962285e-07 4.840776e-01
5.663894e+00 1.791711e+01 6.881346e+00 5.663894e+00 1.791711e+01 6.881346e+00 1.239393e-07 6.354936e-07 -1.103457e-08 3.814466e+00
2.215054e+00 1.407737e+01 4.498606e+00 2.215054e+00 1.407737e+01 4.498606e+00 3.889115e-09 -2.884742e-08 4.586716e-07 4.831628e-01
2.961558e+00 2.096611e+01 6.652586e+00 2.961558e+00 2.096611e+01 6.652586e+00 2.664064e-09 3.762072e-07 -4.054007e-08 4.649050e-01
1.738446e+01 1.899551e+01 4.500265e+00 1.738446e+01 1.899551e+01 4.500265e+00 -1.870704e-08 -4.602808e-09 -8.717202e-08 5.162269e-01
1.273083e+01 1.385859e+01 6.651967e+00 1.273083e+01 1.385859e+01 6.651967e+00 -6.375889e-08 5.150868e-07 1.618705e-07 4.817358e-01
1.233560e+01 1.791291e+01 6.881326e+00 1.233560e+01 1.791291e+01 6.881326e+00 6.490333e-08 6.277787e-07 -4.638859e-09 3.724772e+00
1.578014e+01 1.406878e+01 4.499035e+00 1.578014e+01 1.406878e+01 4.499035e+00 2.783793e-09 -2.403391e-08 3.176935e-07 4.923298e-01
1.504189e+01 2.095840e+01 6.652756e+00 1.504189e+01 2.095840e+01 6.652756e+00 1.553483e-07 3.963180e-07 -9.598997e-08 4.613510e-01
5.665846e+00 2.008869e+01 2.118674e+00 5.665846e+00 2.008869e+01 2.118674e+00 -6.491928e-08 -6.276395e-07 4.639073e-09 5.768728e+00
5.270612e+00 2.414301e+01 2.348033e+00 5.270612e+00 2.414301e+01 2.348033e+00 6.373959e-08 -5.149486e-07 -1.618726e-07 7.047274e-01
2.959557e+00 1.704319e+01 2.347244e+00 2.959557e+00 1.704319e+01 2.347244e+00 -1.553632e-07 -3.961741e-07 9.598865e-08 6.226842e-01
2.221310e+00 2.393282e+01 4.500965e+00 2.221310e+00 2.393282e+01 4.500965e+00 -2.804611e-09 2.417503e-08 -3.176941e-07 5.375749e-01
1.233755e+01 2.008449e+01 2.118654e+00 1.233755e+01 2.008449e+01 2.118654e+00 -1.239556e-07 -6.353546e-07 1.103503e-08 5.798341e+00
1.273770e+01 2.413838e+01 2.348138e+00 1.273770e+01 2.413838e+01 2.348138e+00 -1.833239e-07 -5.473088e-07 -1.962311e-07 7.167591e-01
1.503989e+01 1.703549e+01 2.347414e+00 1.503989e+01 1.703549e+01 2.347414e+00 -2.683023e-09 -3.760593e-07 4.053904e-08 6.379034e-01
1.578639e+01 2.392423e+01 4.501394e+00 1.578639e+01 2.392423e+01 4.501394e+00 -3.902643e-09 2.899171e-08 -4.586901e-07 5.467459e-01
8.998251e+00 1.549115e+01 6.881391e+00 8.998251e+00 1.549115e+01 6.881391e+00 8.251757e-08 7.224654e-07 -2.552026e-08 4.032825e+00
6.405077e+00 1.102904e+01 4.498009e+00 6.405077e+00 1.102904e+01 4.498009e+00 -3.364802e-08 1.367024e-08 6.568603e-07 4.726629e-01
1.158629e+01 1.102575e+01 4.498172e+00 1.158629e+01 1.102575e+01 4.498172e+00 2.914611e-08 1.722289e-08 6.030042e-07 4.757147e-01
9.003195e+00 2.251044e+01 2.118609e+00 9.003195e+00 2.251044e+01 2.118609e+00 -8.253332e-08 -7.223255e-07 2.552076e-08 5.876346e+00
6.937729e+00 1.616666e+01 2.118760e+00 6.937729e+00 1.616666e+01 2.118760e+00 -1.347407e-07 -6.938406e-07 -2.253100e-08 5.656131e+00
1.106066e+01 1.616402e+01 2.118748e+00 1.106066e+01 1.616402e+01 2.118748e+00 -3.941123e-08 -6.813188e-07 -1.859223e-08 5.671348e+00
6.940785e+00 2.183758e+01 6.881252e+00 6.940785e+00 2.183758e+01 6.881252e+00 3.939415e-08 6.814585e-07 1.859064e-08 3.387877e+00
1.106372e+01 2.183493e+01 6.881240e+00 1.106372e+01 2.183493e+01 6.881240e+00 1.347264e-07 6.939809e-07 2.252964e-08 3.338557e+00
6.415153e+00 2.697585e+01 4.501828e+00 6.415153e+00 2.697585e+01 4.501828e+00 -2.917349e-08 -1.709566e-08 -6.030309e-07 5.572629e-01
1.159637e+01 2.697256e+01 4.501991e+00 1.159637e+01 2.697256e+01 4.501991e+00 3.364545e-08 -1.354062e-08 -6.568876e-07 5.614121e-01
8.996852e+00 1.265145e+01 2.346862e+00 8.996852e+00 1.265145e+01 2.346862e+00 -4.810454e-08 -6.214746e-07 2.206892e-07 5.948701e-01
9.004593e+00 2.535015e+01 6.653138e+00 9.004593e+00 2.535015e+01 6.653138e+00 4.808962e-08 6.216032e-07 -2.206915e-07 4.573847e-01
1.109208e+00 1.783499e+01 5.730798e+00 1.109208e+00 1.783499e+01 5.730798e+00 1.209352e-07 1.412911e-07 1.665458e-07 4.283231e-01
3.605975e+00 1.530641e+01 6.641212e+00 3.605975e+00 1.530641e+01 6.641212e+00 2.391089e-07 3.774250e-07 1.564949e-07 3.964617e-01
3.970453e+00 1.736845e+01 6.896602e+00 3.970453e+00 1.736845e+01 6.896602e+00 1.602174e-07 5.210285e-07 1.628368e-08 9.004233e-01
1.926490e+00 1.531373e+01 5.730367e+00 1.926490e+00 1.531373e+01 5.730367e+00 1.663962e-07 1.704107e-07 3.076187e-07 4.137217e-01
2.465416e+00 1.882551e+01 6.641575e+00 2.465416e+00 1.882551e+01 6.641575e+00 1.313032e-07 2.989418e-07 3.809023e-08 4.053527e-01
1.689043e+01 1.782507e+01 5.731234e+00 1.689043e+01 1.782507e+01 5.731234e+00 -1.293699e-08 1.205711e-07 2.314619e-08 4.366508e-01
1.439033e+01 1.529970e+01 6.641368e+00 1.439033e+01 1.529970e+01 6.641368e+00 -8.630694e-08 3.407861e-07 1.055351e-07 3.957481e-01
1.402836e+01 1.736214e+01 6.896632e+00 1.402836e+01 1.736214e+01 6.896632e+00 2.476810e-08 5.032731e-07 6.846122e-09 8.734603e-01
1.606998e+01 1.530486e+01 5.730765e+00 1.606998e+01 1.530486e+01 5.730765e+00 -6.528699e-08 1.436827e-07 1.768733e-07 4.204487e-01
1.553528e+01 1.881729e+01 6.641764e+00 1.553528e+01 1.881729e+01 6.641764e+00 3.959750e-08 2.812683e-07 -2.342553e-08 4.061019e-01
3.973087e+00 2.063946e+01 2.103368e+00 3.973087e+00 2.063946e+01 2.103368e+00 -2.478603e-08 -5.031393e-07 -6.846706e-09 1.287507e+00
3.611120e+00 2.270190e+01 2.358632e+00 3.611120e+00 2.270190e+01 2.358632e+00 8.629010e-08 -3.406463e-07 -1.055374e-07 5.292853e-01
2.466165e+00 1.918431e+01 2.358236e+00 2.466165e+00 1.918431e+01 2.358236e+00 -3.961325e-08 -2.811260e-07 2.342454e-08 4.909082e-01
1.931467e+00 2.269673e+01 3.269235e+00 1.931467e+00 2.269673e+01 3.269235e+00 6.527132e-08 -1.435426e-07 -1.768793e-07 4.095102e-01
1.403099e+01 2.063315e+01 2.103398e+00 1.403099e+01 2.063315e+01 2.103398e+00 -1.602337e-07 -5.208865e-07 -1.628516e-08 1.313597e+00
1.439547e+01 2.269519e+01 2.358788e+00 1.439547e+01 2.269519e+01 2.358788e+00 -2.391247e-07 -3.772836e-07 -1.564971e-07 5.445652e-01
1.553603e+01 1.917609e+01 2.358425e+00 1.553603e+01 1.917609e+01 2.358425e+00 -1.313205e-07 -2.987984e-07 -3.809127e-08 5.072796e-01
1.607496e+01 2.268787e+01 3.269633e+00 1.607496e+01 2.268787e+01 3.269633e+00 -1.664084e-07 -1.702648e-07 -3.076199e-07 4.193539e-01
8.997178e+00 1.371106e+01 6.896535e+00 8.997178e+00 1.371106e+01 6.896535e+00 6.510958e-08 7.206825e-07 3.775197e-08 9.686761e-01
7.670465e+00 1.113445e+01 5.729613e+00 7.670465e+00 1.113445e+01 5.729613e+00 3.105916e-08 4.281498e-07 5.563154e-07 4.065767e-01
1.032093e+01 1.113280e+01 5.729675e+00 1.032093e+01 1.113280e+01 5.729675e+00 -6.423786e-10 4.206851e-07 5.358932e-07 4.085863e-01
9.002102e+00 2.073621e+01 2.176875e+00 9.002102e+00 2.073621e+01 2.176875e+00 -9.216293e-08 -7.269520e-07 1.615231e-08 1.128718e+01
7.981430e+00 1.760147e+01 2.176974e+00 7.981430e+00 1.760147e+01 2.176974e+00 -1.088161e-07 -7.176087e-07 -1.433081e-08 1.111531e+01
1.001882e+01 1.760017e+01 2.176966e+00 1.001882e+01 1.760017e+01 2.176966e+00 -7.834308e-08 -7.135980e-07 -1.182558e-08 1.113106e+01
7.982630e+00 2.040143e+01 6.823034e+00 7.982630e+00 2.040143e+01 6.823034e+00 7.832771e-08 7.137397e-07 1.182527e-08 6.800204e+00
1.002002e+01 2.040013e+01 6.823026e+00 1.002002e+01 2.040013e+01 6.823026e+00 1.087991e-07 7.177435e-07 1.433111e-08 6.757891e+00
7.680513e+00 2.686880e+01 3.270325e+00 7.680513e+00 2.686880e+01 3.270325e+00 6.239815e-10 -4.205699e-07 -5.359142e-07 4.371268e-01
1.033098e+01 2.686714e+01 3.270388e+00 1.033098e+01 2.686714e+01 3.270388e+00 -3.107089e-08 -4.280311e-07 -5.563341e-07 4.396035e-01
6.808330e+00 1.284421e+01 2.357605e+00 6.808330e+00 1.284421e+01 2.357605e+00 -2.091399e-07 -5.975516e-07 2.291051e-07 4.441323e-01
6.815832e+00 2.516027e+01 6.642332e+00 6.815832e+00 2.516027e+01 6.642332e+00 -1.139340e-07 5.610471e-07 -2.084235e-07 4.133228e-01
1.111017e+00 2.017653e+01 3.268766e+00 1.111017e+00 2.017653e+01 3.268766e+00 1.292027e-08 -1.204252e-07 -2.314680e-08 3.912614e-01
1.320383e+00 2.020428e+01 5.828225e+00 1.320383e+00 2.020428e+01 5.828225e+00 3.638779e-08 1.489988e-07 -4.219135e-09 4.660748e-01
1.052633e+00 2.158886e+01 4.522780e+00 1.052633e+00 2.158886e+01 4.522780e+00 7.127520e-09 -4.136275e-09 -1.208984e-07 5.360736e-01
1.049332e+00 1.642279e+01 4.476717e+00 1.049332e+00 1.642279e+01 4.476717e+00 1.746162e-08 7.223108e-09 2.864541e-07 5.482130e-01
1.319177e+00 1.780704e+01 3.171367e+00 1.319177e+00 1.780704e+01 3.171367e+00 -6.595219e-08 -1.499298e-07 1.379325e-07 4.829261e-01
7.146898e+00 1.272985e+01 6.640979e+00 7.146898e+00 1.272985e+01 6.640979e+00 8.603909e-08 6.549292e-07 2.329587e-07 4.041115e-01
3.487520e+00 1.351867e+01 5.826979e+00 3.487520e+00 1.351867e+01 5.826979e+00 1.606339e-07 2.543381e-07 4.041807e-07 4.423625e-01
5.482104e+00 1.206738e+01 5.826719e+00 5.482104e+00 1.206738e+01 5.826719e+00 9.489901e-08 3.703828e-07 4.907408e-07 4.406074e-01
5.424514e+00 1.587205e+01 6.889953e+00 5.424514e+00 1.587205e+01 6.889953e+00 1.688363e-07 6.096076e-07 1.609378e-08 1.689768e+00
7.125911e+00 1.463410e+01 6.889956e+00 7.125911e+00 1.463410e+01 6.889956e+00 1.298754e-07 6.932693e-07 1.503656e-08 1.741421e+00
7.351705e+00 1.846412e+01 6.823095e+00 7.351705e+00 1.846412e+01 6.823095e+00 1.053306e-07 6.990596e-07 -7.045099e-09 7.144625e+00
7.220516e+00 1.655218e+01 6.860832e+00 7.220516e+00 1.655218e+01 6.860832e+00 1.180878e-07 6.953852e-07 -1.906656e-08 5.208765e+00
4.270272e+00 1.943311e+01 6.890015e+00 4.270272e+00 1.943311e+01 6.890015e+00 8.782216e-08 5.317567e-07 -4.331871e-09 1.549997e+00
6.123742e+00 1.993551e+01 6.860758e+00 6.123742e+00 1.993551e+01 6.860758e+00 7.582339e-08 6.553752e-07 3.908708e-09 4.793660e+00
3.302184e+00 1.342066e+01 3.267340e+00 3.302184e+00 1.342066e+01 3.267340e+00 -1.798451e-07 -3.175588e-07 4.454565e-07 3.634513e-01
2.080073e+00 1.546121e+01 3.170875e+00 2.080073e+00 1.546121e+01 3.170875e+00 -1.460441e-07 -2.385131e-07 3.001324e-07 4.729660e-01
4.083326e+00 1.224158e+01 4.520640e+00 4.083326e+00 1.224158e+01 4.520640e+00 -2.188656e-08 -3.220415e-08 5.830218e-07 4.930644e-01
3.821749e+00 2.298819e+01 6.642055e+00 3.821749e+00 2.298819e+01 6.642055e+00 -1.134122e-07 4.419593e-07 -1.183017e-07 4.003364e-01
4.921918e+00 2.143346e+01 6.890009e+00 4.921918e+00 2.143346e+01 6.890009e+00 5.491042e-09 5.762073e-07 -1.959378e-09 1.446733e+00
2.084306e+00 2.254924e+01 5.828761e+00 2.084306e+00 2.254924e+01 5.828761e+00 -6.267740e-08 2.080544e-07 -1.807980e-07 4.734393e-01
1.689224e+01 2.016661e+01 3.269202e+00 1.689224e+01 2.016661e+01 3.269202e+00 -1.209533e-07 -1.411466e-07 -1.665498e-07 4.017321e-01
1.694881e+01 1.641274e+01 4.477220e+00 1.694881e+01 1.641274e+01 4.477220e+00 -7.145784e-09 4.280838e-09 1.208992e-07 5.593328e-01
1.668106e+01 1.779732e+01 3.171775e+00 1.668106e+01 1.779732e+01 3.171775e+00 -3.640502e-08 -1.488538e-07 4.218172e-09 4.956254e-01
1.668227e+01 2.019455e+01 5.828633e+00 1.668227e+01 2.019455e+01 5.828633e+00 6.593638e-08 1.500740e-07 -1.379337e-07 4.727163e-01
1.695211e+01 2.157881e+01 4.523283e+00 1.695211e+01 2.157881e+01 4.523283e+00 -1.747690e-08 -7.077312e-09 -2.864648e-07 5.462891e-01
1.084637e+01 1.272756e+01 6.641032e+00 1.084637e+01 1.272756e+01 6.641032e+00 -8.755680e-09 6.366289e-07 2.157604e-07 4.053693e-01
1.257245e+01 1.586760e+01 6.889961e+00 1.257245e+01 1.586760e+01 6.889961e+00 8.139621e-10 5.873606e-07 1.360593e-08 1.649810e+00
1.086956e+01 1.463178e+01 6.889965e+00 1.086956e+01 1.463178e+01 6.889965e+00 1.677054e-08 6.787116e-07 1.204267e-08 1.723104e+00
1.450675e+01 1.351178e+01 5.827276e+00 1.450675e+01 1.351178e+01 5.827276e+00 -8.227720e-08 2.257042e-07 3.069657e-07 4.471765e-01
1.251042e+01 1.206300e+01 5.826900e+00 1.251042e+01 1.206300e+01 5.826900e+00 -4.782569e-08 3.486598e-07 4.315224e-07 4.441870e-01
1.064847e+01 1.846204e+01 6.823082e+00 1.064847e+01 1.846204e+01 6.823082e+00 8.646644e-08 6.966021e-07 -2.983269e-09 7.071323e+00
1.373115e+01 1.942712e+01 6.890028e+00 1.373115e+01 1.942712e+01 6.890028e+00 9.915476e-08 5.335858e-07 -8.575038e-09 1.497406e+00
1.187831e+01 1.993186e+01 6.860740e+00 1.187831e+01 1.993186e+01 6.860740e+00 1.114776e-07 6.600863e-07 9.275993e-09 4.703878e+00
1.077728e+01 1.654995e+01 6.860821e+00 1.077728e+01 1.654995e+01 6.860821e+00 6.025331e-08 6.878174e-07 -1.574325e-08 5.150838e+00
1.469239e+01 1.341332e+01 3.267648e+00 1.469239e+01 1.341332e+01 3.267648e+00 1.152960e-07 -2.753342e-07 3.445951e-07 3.703242e-01
1.390958e+01 1.223535e+01 4.520950e+00 1.390958e+01 1.223535e+01 4.520950e+00 1.734591e-08 -2.687880e-08 4.811447e-07 4.991534e-01
1.591714e+01 1.545236e+01 3.171239e+00 1.591714e+01 1.545236e+01 3.171239e+00 6.265973e-08 -2.079143e-07 1.807989e-07 4.842426e-01
1.418436e+01 2.298148e+01 6.642204e+00 1.418436e+01 2.298148e+01 6.642204e+00 2.379249e-07 4.939685e-07 -1.667058e-07 4.032728e-01
1.592137e+01 2.254039e+01 5.829125e+00 1.592137e+01 2.254039e+01 5.829125e+00 1.460352e-07 2.386590e-07 -3.001365e-07 4.796286e-01
1.308207e+01 2.142823e+01 6.890022e+00 1.308207e+01 2.142823e+01 6.890022e+00 1.672595e-07 5.972510e-07 -6.362010e-09 1.404940e+00
7.352972e+00 1.953956e+01 2.176918e+00 7.352972e+00 1.953956e+01 2.176918e+00 -8.648273e-08 -6.964640e-07 2.983196e-09 1.121142e+01
5.428995e+00 2.213400e+01 2.110039e+00 5.428995e+00 2.213400e+01 2.110039e+00 -8.301816e-10 -5.872232e-07 -1.360639e-08 2.427873e+00
7.224161e+00 2.145165e+01 2.139179e+00 7.224161e+00 2.145165e+01 2.139179e+00 -6.026979e-08 -6.876793e-07 1.574311e-08 7.683916e+00
4.270301e+00 1.857447e+01 2.109972e+00 4.270301e+00 1.857447e+01 2.109972e+00 -9.917024e-08 -5.334448e-07 8.575047e-09 2.348284e+00
6.123134e+00 1.806974e+01 2.139260e+00 6.123134e+00 1.806974e+01 2.139260e+00 -1.114931e-07 -6.599461e-07 -9.276775e-09 7.562714e+00
7.155071e+00 2.527403e+01 2.358968e+00 7.155071e+00 2.527403e+01 2.358968e+00 8.737849e-09 -6.364912e-07 -2.157618e-07 5.644828e-01
3.494700e+00 2.448982e+01 3.172724e+00 3.494700e+00 2.448982e+01 3.172724e+00 8.225582e-08 -2.255661e-07 -3.069702e-07 5.380122e-01
5.491024e+00 2.593860e+01 3.173100e+00 5.491024e+00 2.593860e+01 3.173100e+00 4.780457e-08 -3.485336e-07 -4.315290e-07 5.491858e-01
7.131886e+00 2.336982e+01 2.110035e+00 7.131886e+00 2.336982e+01 2.110035e+00 -1.678759e-08 -6.785755e-07 -1.204296e-08 2.471177e+00
3.817088e+00 1.502012e+01 2.357796e+00 3.817088e+00 1.502012e+01 2.357796e+00 -2.379364e-07 -4.938269e-07 1.667049e-07 4.559254e-01
4.919372e+00 1.657337e+01 2.109978e+00 4.919372e+00 1.657337e+01 2.109978e+00 -1.672739e-07 -5.971101e-07 6.361845e-09 2.304716e+00
3.309054e+00 2.458827e+01 5.732352e+00 3.309054e+00 2.458827e+01 5.732352e+00 -1.153174e-07 2.754715e-07 -3.445962e-07 4.568396e-01
4.091869e+00 2.576625e+01 4.479050e+00 4.091869e+00 2.576625e+01 4.479050e+00 -1.737062e-08 2.701361e-08 -4.811539e-07 6.077552e-01
1.064974e+01 1.953748e+01 2.176905e+00 1.064974e+01 1.953748e+01 2.176905e+00 -1.053472e-07 -6.989216e-07 7.044856e-09 1.123409e+01
1.373117e+01 1.856848e+01 2.109985e+00 1.373117e+01 1.856848e+01 2.109985e+00 -8.783899e-08 -5.316167e-07 4.331568e-09 2.375547e+00
1.187770e+01 1.806608e+01 2.139242e+00 1.187770e+01 1.806608e+01 2.139242e+00 -7.584028e-08 -6.552348e-07 -3.909011e-09 7.587758e+00
1.257693e+01 2.212955e+01 2.110047e+00 1.257693e+01 2.212955e+01 2.110047e+00 -1.688520e-07 -6.094700e-07 -1.609405e-08 2.451773e+00
1.078093e+01 2.144942e+01 2.139168e+00 1.078093e+01 2.144942e+01 2.139168e+00 -1.181037e-07 -6.952456e-07 1.906634e-08 7.701828e+00
1.085455e+01 2.527175e+01 2.359021e+00 1.085455e+01 2.527175e+01 2.359021e+00 -8.605183e-08 -6.547899e-07 -2.329606e-07 5.698337e-01
1.087553e+01 2.336750e+01 2.110044e+00 1.087553e+01 2.336750e+01 2.110044e+00 -1.298905e-07 -6.931308e-07 -1.503665e-08 2.483298e+00
1.451393e+01 2.448293e+01 3.173021e+00 1.451393e+01 2.448293e+01 3.173021e+00 -1.606449e-07 -2.541977e-07 -4.041856e-07 5.484234e-01
1.251934e+01 2.593421e+01 3.173281e+00 1.251934e+01 2.593421e+01 3.173281e+00 -9.490926e-08 -3.702555e-07 -4.907482e-07 5.567137e-01
1.417970e+01 1.501340e+01 2.357945e+00 1.417970e+01 1.501340e+01 2.357945e+00 1.133900e-07 -4.418167e-07 1.183004e-07 4.669068e-01
1.307953e+01 1.656814e+01 2.109991e+00 1.307953e+01 1.656814e+01 2.109991e+00 -5.509097e-09 -5.760680e-07 1.959523e-09 2.325493e+00
1.469926e+01 2.458094e+01 5.732660e+00 1.469926e+01 2.458094e+01 5.732660e+00 1.798341e-07 3.176979e-07 -4.454590e-07 4.640816e-01
1.391812e+01 2.576001e+01 4.479360e+00 1.391812e+01 2.576001e+01 4.479360e+00 2.187912e-08 3.234115e-08 -5.830441e-07 6.153465e-01
8.999344e+00 1.726539e+01 6.823125e+00 8.999344e+00 1.726539e+01 6.823125e+00 9.214731e-08 7.270921e-07 -1.615212e-08 7.320396e+00
5.445373e+00 1.186157e+01 3.267113e+00 5.445373e+00 1.186157e+01 3.267113e+00 -1.737575e-07 -3.573729e-07 5.206406e-07 3.565134e-01
8.995434e+00 1.064185e+01 4.475585e+00 8.995434e+00 1.064185e+01 4.475585e+00 1.491805e-10 4.270481e-08 6.578677e-07 5.300124e-01
7.762975e+00 1.132714e+01 3.170217e+00 7.762975e+00 1.132714e+01 3.170217e+00 -9.043527e-08 -3.773520e-07 5.150032e-07 4.567220e-01
1.254720e+01 1.185697e+01 3.267319e+00 1.254720e+01 1.185697e+01 3.267319e+00 1.201868e-07 -3.220252e-07 4.527619e-07 3.602212e-01
1.022890e+01 1.132553e+01 3.170289e+00 1.022890e+01 1.132553e+01 3.170289e+00 4.578851e-08 -3.624993e-07 4.916383e-07 4.581700e-01
9.004268e+00 2.429054e+01 2.103465e+00 9.004268e+00 2.429054e+01 2.103465e+00 -6.512357e-08 -7.205449e-07 -3.775245e-08 1.380071e+00
5.890649e+00 1.472707e+01 2.103242e+00 5.890649e+00 1.472707e+01 2.103242e+00 -1.851396e-07 -6.553003e-07 3.288720e-08 1.189795e+00
8.999074e+00 1.597757e+01 2.139299e+00 8.999074e+00 1.597757e+01 2.139299e+00 -8.649471e-08 -7.128196e-07 -2.130224e-08 7.510034e+00
7.946224e+00 1.437151e+01 2.109945e+00 7.946224e+00 1.437151e+01 2.109945e+00 -1.179627e-07 -6.991455e-07 1.702347e-08 2.276071e+00
1.210585e+01 1.472305e+01 2.103260e+00 1.210585e+01 1.472305e+01 2.103260e+00 3.397843e-08 -6.265189e-07 2.715997e-08 1.202274e+00
1.004981e+01 1.437014e+01 2.109945e+00 1.004981e+01 1.437014e+01 2.109945e+00 -2.688794e-08 -6.869515e-07 1.733776e-08 2.281369e+00
5.895599e+00 2.327855e+01 6.896740e+00 5.895599e+00 2.327855e+01 6.896740e+00 -3.399434e-08 6.266557e-07 -2.716036e-08 7.758274e-01
9.002372e+00 2.202403e+01 6.860701e+00 9.002372e+00 2.202403e+01 6.860701e+00 8.647746e-08 7.129519e-07 2.130477e-08 4.491707e+00
7.951640e+00 2.363146e+01 6.890055e+00 7.951640e+00 2.363146e+01 6.890055e+00 2.687100e-08 6.870885e-07 -1.733952e-08 1.345757e+00
1.211080e+01 2.327453e+01 6.896758e+00 1.211080e+01 2.327453e+01 6.896758e+00 1.851279e-07 6.554370e-07 -3.288858e-08 7.631465e-01
1.005522e+01 2.363009e+01 6.890055e+00 1.005522e+01 2.363009e+01 6.890055e+00 1.179473e-07 6.992829e-07 -1.702493e-08 1.334711e+00
5.454247e+00 2.614463e+01 5.732681e+00 5.454247e+00 2.614463e+01 5.732681e+00 -1.202101e-07 3.221503e-07 -4.527605e-07 4.691805e-01
9.006012e+00 2.735974e+01 4.524415e+00 9.006012e+00 2.735974e+01 4.524415e+00 -1.644958e-10 -4.257834e-08 -6.578648e-07 5.772801e-01
7.772550e+00 2.667606e+01 5.829711e+00 7.772550e+00 2.667606e+01 5.829711e+00 -4.580988e-08 3.626327e-07 -4.916525e-07 4.963717e-01
1.255607e+01 2.614003e+01 5.732887e+00 1.255607e+01 2.614003e+01 5.732887e+00 1.737492e-07 3.574994e-07 -5.206386e-07 4.727763e-01
1.023847e+01 2.667446e+01 5.829783e+00 1.023847e+01 2.667446e+01 5.829783e+00 9.042395e-08 3.774833e-07 -5.150140e-07 4.971958e-01
1.118561e+01 1.284133e+01 2.357668e+00 1.118561e+01 1.284133e+01 2.357668e+00 1.139154e-07 -5.609172e-07 2.084206e-07 4.485265e-01
1.119312e+01 2.515738e+01 6.642395e+00 1.119312e+01 2.515738e+01 6.642395e+00 2.091258e-07 5.976819e-07 -2.291074e-07 4.133525e-01
1.670294e+00 1.731933e+01 6.184550e+00 1.670294e+00 1.731933e+01 6.184550e+00 1.774900e-07 2.044646e-07 1.645770e-07 4.428407e-01
2.926912e+00 1.607685e+01 6.594277e+00 2.926912e+00 1.607685e+01 6.594277e+00 2.349602e-07 2.974996e-07 1.415189e-07 4.075203e-01
3.138548e+00 1.709925e+01 6.778357e+00 3.138548e+00 1.709925e+01 6.778357e+00 2.041420e-07 3.631371e-07 6.759110e-08 4.856530e-01
2.078405e+00 1.606030e+01 6.184394e+00 2.078405e+00 1.606030e+01 6.184394e+00 2.029032e-07 2.214278e-07 2.158587e-07 4.318703e-01
2.367274e+00 1.780348e+01 6.594444e+00 2.367274e+00 1.780348e+01 6.594444e+00 1.882827e-07 2.653691e-07 8.749982e-08 4.191707e-01
1.632859e+01 1.731014e+01 6.184892e+00 1.632859e+01 1.731014e+01 6.184892e+00 -3.594930e-08 1.750287e-07 5.236226e-08 4.515380e-01
1.507034e+01 1.606928e+01 6.594472e+00 1.507034e+01 1.606928e+01 6.594472e+00 -7.434439e-08 2.599883e-07 7.772992e-08 4.111538e-01
1.485995e+01 1.709192e+01 6.778477e+00 1.485995e+01 1.709192e+01 6.778477e+00 -2.754525e-08 3.329840e-07 2.849604e-08 4.841029e-01
1.591890e+01 1.605165e+01 6.184722e+00 1.591890e+01 1.605165e+01 6.184722e+00 -6.488711e-08 1.883170e-07 1.079576e-07 4.390936e-01
1.563214e+01 1.779518e+01 6.594654e+00 1.563214e+01 1.779518e+01 6.594654e+00 -2.029912e-08 2.354335e-07 1.879356e-08 4.246123e-01
3.141497e+00 2.090968e+01 2.221523e+00 3.141497e+00 2.090968e+01 2.221523e+00 2.752826e-08 -3.328428e-07 -2.849808e-08 5.943342e-01
2.931105e+00 2.193232e+01 2.405528e+00 2.931105e+00 2.193232e+01 2.405528e+00 7.433070e-08 -2.598445e-07 -7.773255e-08 4.631977e-01
2.369307e+00 2.020642e+01 2.405346e+00 2.369307e+00 2.020642e+01 2.405346e+00 2.028259e-08 -2.352917e-07 -1.879503e-08 4.462103e-01
2.082549e+00 2.194995e+01 2.815278e+00 2.082549e+00 2.194995e+01 2.815278e+00 6.486818e-08 -1.881732e-07 -1.079613e-07 4.128613e-01
1.486290e+01 2.090235e+01 2.221643e+00 1.486290e+01 2.090235e+01 2.221643e+00 -2.041586e-07 -3.629977e-07 -6.759240e-08 6.128918e-01
1.507453e+01 2.192475e+01 2.405723e+00 1.507453e+01 2.192475e+01 2.405723e+00 -2.349740e-07 -2.973547e-07 -1.415221e-07 4.773692e-01
1.563417e+01 2.019812e+01 2.405556e+00 1.563417e+01 2.019812e+01 2.405556e+00 -1.883000e-07 -2.652256e-07 -8.750165e-08 4.607807e-01
1.592304e+01 2.194130e+01 2.815606e+00 1.592304e+01 2.194130e+01 2.815606e+00 -2.029239e-07 -2.212834e-07 -2.158603e-07 4.225260e-01
8.996697e+00 1.283671e+01 6.778086e+00 8.996697e+00 1.283671e+01 6.778086e+00 4.132504e-08 7.045172e-07 1.558548e-07 4.961109e-01
8.334143e+00 1.150852e+01 6.183707e+00 8.334143e+00 1.150852e+01 6.183707e+00 3.060868e-08 5.685767e-07 4.413832e-07 4.235333e-01
9.657692e+00 1.150770e+01 6.183729e+00 9.657692e+00 1.150770e+01 6.183729e+00 1.158805e-08 5.644179e-07 4.339778e-07 4.249757e-01
9.001558e+00 1.986160e+01 2.192820e+00 9.001558e+00 1.986160e+01 2.192820e+00 -9.507672e-08 -7.287153e-07 8.362717e-09 1.188641e+01
8.495940e+00 1.830874e+01 2.192871e+00 8.495940e+00 1.830874e+01 2.192871e+00 -1.010563e-07 -7.249257e-07 -7.389343e-09 1.177595e+01
9.505213e+00 1.830810e+01 2.192867e+00 9.505213e+00 1.830810e+01 2.192867e+00 -9.005405e-08 -7.234761e-07 -6.091435e-09 1.178550e+01
8.496233e+00 1.969350e+01 6.807133e+00 8.496233e+00 1.969350e+01 6.807133e+00 9.003842e-08 7.236159e-07 6.091014e-09 7.166229e+00
9.505505e+00 1.969285e+01 6.807129e+00 9.505505e+00 1.969285e+01 6.807129e+00 1.010400e-07 7.250626e-07 7.389181e-09 7.143715e+00
8.343753e+00 2.649390e+01 2.816271e+00 8.343753e+00 2.649390e+01 2.816271e+00 -1.160493e-08 -5.642832e-07 -4.339751e-07 4.436340e-01
9.667302e+00 2.649308e+01 2.816293e+00 9.667302e+00 2.649308e+01 2.816293e+00 -3.062228e-08 -5.684413e-07 -4.413811e-07 4.447805e-01
5.806370e+00 1.306805e+01 2.404530e+00 5.806370e+00 1.306805e+01 2.404530e+00 -2.537281e-07 -5.605284e-07 2.472946e-07 3.968030e-01
5.813594e+00 2.493774e+01 6.595364e+00 5.813594e+00 2.493774e+01 6.595364e+00 -1.601500e-07 5.090663e-07 -2.129732e-07 4.509587e-01
7.440093e-01 1.960927e+01 3.850686e+00 7.440093e-01 1.960927e+01 3.850686e+00 2.727690e-09 -5.800163e-08 2.824544e-08 4.554319e-01
8.057045e-01 1.965721e+01 5.192439e+00 8.057045e-01 1.965721e+01 5.192439e+00 3.763991e-08 6.393404e-08 4.341395e-08 5.006951e-01
7.341948e-01 2.030696e+01 4.517512e+00 7.341948e-01 2.030696e+01 4.517512e+00 1.383241e-08 -4.916197e-09 -1.228709e-08 5.185426e-01
7.325293e-01 1.770508e+01 4.481964e+00 7.325293e-01 1.770508e+01 4.481964e+00 2.009500e-08 1.207806e-08 1.843977e-07 5.336748e-01
8.050450e-01 1.835473e+01 3.807062e+00 8.050450e-01 1.835473e+01 3.807062e+00 -1.683871e-08 -5.772350e-08 1.204377e-07 5.010433e-01
6.193203e+00 1.324673e+01 6.651414e+00 6.193203e+00 1.324673e+01 6.651414e+00 1.363859e-07 6.129207e-07 2.128045e-07 4.566304e-01
4.348417e+00 1.360676e+01 6.322762e+00 4.348417e+00 1.360676e+01 6.322762e+00 1.895533e-07 4.115872e-07 3.106758e-07 4.107351e-01
5.301184e+00 1.291348e+01 6.322669e+00 5.301184e+00 1.291348e+01 6.322669e+00 1.499437e-07 4.822215e-07 3.412711e-07 4.113095e-01
5.322436e+00 1.485818e+01 6.827465e+00 5.322436e+00 1.485818e+01 6.827465e+00 1.903816e-07 5.828977e-07 8.232768e-08 8.701633e-01
6.192512e+00 1.422508e+01 6.827447e+00 6.192512e+00 1.422508e+01 6.827447e+00 1.565441e-07 6.436205e-07 8.816079e-08 8.821910e-01
6.510126e+00 1.819135e+01 6.849109e+00 6.510126e+00 1.819135e+01 6.849109e+00 1.130695e-07 6.721154e-07 -9.881186e-09 5.868752e+00
6.408545e+00 1.720061e+01 6.866621e+00 6.408545e+00 1.720061e+01 6.866621e+00 1.248445e-07 6.675478e-07 -1.483789e-08 4.785206e+00
4.962444e+00 1.867198e+01 6.895171e+00 4.962444e+00 1.867198e+01 6.895171e+00 1.125480e-07 5.925975e-07 -6.704408e-09 2.645378e+00
5.846600e+00 1.893412e+01 6.866589e+00 5.846600e+00 1.893412e+01 6.866589e+00 1.017439e-07 6.436815e-07 -4.816359e-09 4.586286e+00
2.671989e+00 1.366403e+01 3.849323e+00 2.671989e+00 1.366403e+01 3.849323e+00 -9.590505e-08 -1.700683e-07 4.761514e-07 4.296470e-01
1.985219e+00 1.471559e+01 3.806206e+00 1.985219e+00 1.471559e+01 3.806206e+00 -8.607594e-08 -1.384380e-07 4.031621e-07 4.856704e-01
3.073276e+00 1.309280e+01 4.515877e+00 3.073276e+00 1.309280e+01 4.515877e+00 -8.367472e-09 -3.812586e-08 5.264712e-07 4.860654e-01
3.352650e+00 2.201033e+01 6.652300e+00 3.352650e+00 2.201033e+01 6.652300e+00 -5.691576e-08 4.118391e-07 -7.618429e-08 4.348945e-01
3.926095e+00 2.121743e+01 6.827789e+00 3.926095e+00 2.121743e+01 6.827789e+00 -3.308999e-09 4.862365e-07 -2.344812e-08 7.652095e-01
2.434537e+00 2.175749e+01 6.324012e+00 2.434537e+00 2.175749e+01 6.324012e+00 -4.087699e-08 2.938139e-07 -9.879515e-08 4.271735e-01
1.725838e+01 1.959886e+01 3.851191e+00 1.725838e+01 1.959886e+01 3.851191e+00 -6.139164e-08 -7.058084e-08 -1.378462e-07 4.671576e-01
1.726725e+01 1.769464e+01 4.482488e+00 1.726725e+01 1.769464e+01 4.482488e+00 -1.385020e-08 5.061471e-09 1.228490e-08 5.450565e-01
1.719574e+01 1.834438e+01 3.807561e+00 1.719574e+01 1.834438e+01 3.807561e+00 -3.765694e-08 -6.378887e-08 -4.341455e-08 5.133714e-01
1.719640e+01 1.964686e+01 5.192938e+00 1.719640e+01 1.964686e+01 5.192938e+00 1.682068e-08 5.786893e-08 -1.204372e-07 5.098346e-01
1.726892e+01 2.029652e+01 4.518036e+00 1.726892e+01 2.029652e+01 4.518036e+00 -2.011120e-08 -1.193179e-08 -1.843955e-07 5.294083e-01
1.180066e+01 1.324327e+01 6.651495e+00 1.180066e+01 1.324327e+01 6.651495e+00 -3.740533e-08 5.858629e-07 1.863750e-07 4.561676e-01
1.267331e+01 1.485362e+01 6.827514e+00 1.267331e+01 1.485362e+01 6.827514e+00 -4.081289e-08 5.540235e-07 6.610501e-08 8.545946e-01
1.180248e+01 1.422161e+01 6.827489e+00 1.180248e+01 1.422161e+01 6.827489e+00 -2.345734e-08 6.186495e-07 7.448660e-08 8.715338e-01
1.364589e+01 1.360098e+01 6.322957e+00 1.364589e+01 1.360098e+01 6.322957e+00 -8.710363e-08 3.771665e-07 2.468377e-07 4.131845e-01
1.269230e+01 1.290890e+01 6.322823e+00 1.269230e+01 1.290890e+01 6.322823e+00 -6.654571e-08 4.521190e-07 2.910328e-07 4.137810e-01
1.148971e+01 1.818821e+01 6.849091e+00 1.148971e+01 1.818821e+01 6.849091e+00 7.739731e-08 6.674576e-07 -4.161196e-09 5.776439e+00
1.303800e+01 1.866688e+01 6.895157e+00 1.303800e+01 1.866688e+01 6.895157e+00 7.682616e-08 5.889306e-07 -2.302322e-09 2.565846e+00
1.215418e+01 1.893014e+01 6.866569e+00 1.215418e+01 1.893014e+01 6.866569e+00 8.823847e-08 6.424418e-07 1.302948e-09 4.489523e+00
1.159006e+01 1.719736e+01 6.866605e+00 1.159006e+01 1.719736e+01 6.866605e+00 5.982320e-08 6.585444e-07 -9.598535e-09 4.704007e+00
1.532280e+01 1.365595e+01 3.849705e+00 1.532280e+01 1.365595e+01 3.849705e+00 6.147545e-08 -1.448192e-07 3.506821e-07 4.383064e-01
1.492069e+01 1.308529e+01 4.516254e+00 1.492069e+01 1.308529e+01 4.516254e+00 8.760427e-09 -3.279380e-08 4.022202e-07 4.937789e-01
1.601091e+01 1.470665e+01 3.806627e+00 1.601091e+01 1.470665e+01 3.806627e+00 4.881154e-08 -1.168858e-07 2.645889e-07 4.962302e-01
1.465216e+01 2.200307e+01 6.652460e+00 1.465216e+01 2.200307e+01 6.652460e+00 2.004966e-07 4.499752e-07 -1.282984e-07 4.336715e-01
1.557001e+01 2.174909e+01 6.324286e+00 1.557001e+01 2.174909e+01 6.324286e+00 1.662587e-07 3.228459e-07 -1.883259e-07 4.310566e-01
1.407764e+01 2.121093e+01 6.827861e+00 1.407764e+01 2.121093e+01 6.827861e+00 1.712890e-07 5.106365e-07 -4.693300e-08 7.453981e-01
6.511734e+00 1.981338e+01 2.150909e+00 6.511734e+00 1.981338e+01 2.150909e+00 -7.741334e-08 -6.673192e-07 4.161186e-09 8.988968e+00
5.541877e+00 2.111156e+01 2.104836e+00 5.541877e+00 2.111156e+01 2.104836e+00 -3.871361e-08 -6.109956e-07 4.028841e-09 4.074348e+00
6.411390e+00 2.080424e+01 2.133395e+00 6.411390e+00 2.080424e+01 2.133395e+00 -5.983991e-08 -6.584063e-07 9.598411e-09 7.140011e+00
4.963443e+00 1.933471e+01 2.104843e+00 4.963443e+00 1.933471e+01 2.104843e+00 -7.684204e-08 -5.887920e-07 2.302338e-09 4.023350e+00
5.847268e+00 1.907146e+01 2.133431e+00 5.847268e+00 1.907146e+01 2.133431e+00 -8.825433e-08 -6.423031e-07 -1.302678e-09 7.080293e+00
6.200789e+00 2.475833e+01 2.348505e+00 6.200789e+00 2.475833e+01 2.348505e+00 3.738660e-08 -5.857283e-07 -1.863769e-07 6.638582e-01
4.355559e+00 2.440062e+01 2.677043e+00 4.355559e+00 2.440062e+01 2.677043e+00 8.708347e-08 -3.770287e-07 -2.468416e-07 5.504405e-01
5.309144e+00 2.509270e+01 2.677177e+00 5.309144e+00 2.509270e+01 2.677177e+00 6.652338e-08 -4.519782e-07 -2.910335e-07 5.573613e-01
6.198964e+00 2.377999e+01 2.172512e+00 6.198964e+00 2.377999e+01 2.172512e+00 2.343935e-08 -6.185122e-07 -7.448747e-08 1.273032e+00
3.349284e+00 1.599853e+01 2.347540e+00 3.349284e+00 1.599853e+01 2.347540e+00 -2.005141e-07 -4.498395e-07 1.283000e-07 5.637518e-01
3.923807e+00 1.679067e+01 2.172139e+00 3.923807e+00 1.679067e+01 2.172139e+00 -1.713028e-07 -5.104945e-07 4.693329e-08 1.156053e+00
2.678643e+00 2.434565e+01 5.150295e+00 2.678643e+00 2.434565e+01 5.150295e+00 -6.149728e-08 1.449584e-07 -3.506862e-07 5.076709e-01
3.080758e+00 2.491631e+01 4.483746e+00 3.080758e+00 2.491631e+01 4.483746e+00 -8.782931e-09 3.293212e-08 -4.022246e-07 5.813686e-01
1.149132e+01 1.981025e+01 2.150891e+00 1.149132e+01 1.981025e+01 2.150891e+00 -1.130859e-07 -6.719762e-07 9.881096e-09 9.013814e+00
1.303900e+01 1.932962e+01 2.104829e+00 1.303900e+01 1.932962e+01 2.104829e+00 -1.125645e-07 -5.924573e-07 6.704622e-09 4.054790e+00
1.215485e+01 1.906747e+01 2.133411e+00 1.215485e+01 1.906747e+01 2.133411e+00 -1.017606e-07 -6.435418e-07 4.816628e-09 7.108177e+00
1.246279e+01 2.110723e+01 2.104823e+00 1.246279e+01 2.110723e+01 2.104823e+00 -1.433691e-07 -6.256609e-07 8.318182e-09 4.103222e+00
1.159290e+01 2.080099e+01 2.133379e+00 1.159290e+01 2.080099e+01 2.133379e+00 -1.248601e-07 -6.674085e-07 1.483761e-08 7.164629e+00
1.180824e+01 2.475487e+01 2.348586e+00 1.180824e+01 2.475487e+01 2.348586e+00 -1.363990e-07 -6.127852e-07 -2.128065e-07 6.727261e-01
1.180893e+01 2.377651e+01 2.172553e+00 1.180893e+01 2.377651e+01 2.172553e+00 -1.565579e-07 -6.434814e-07 -8.816218e-08 1.285909e+00
1.365303e+01 2.439484e+01 2.677238e+00 1.365303e+01 2.439484e+01 2.677238e+00 -1.895652e-07 -4.114492e-07 -3.106807e-07 5.612895e-01
1.270026e+01 2.508811e+01 2.677331e+00 1.270026e+01 2.508811e+01 2.677331e+00 -1.499524e-07 -4.820793e-07 -3.412710e-07 5.663910e-01
1.464880e+01 1.599126e+01 2.347700e+00 1.464880e+01 1.599126e+01 2.347700e+00 5.689935e-08 -4.117045e-07 7.618483e-08 5.771057e-01
1.407535e+01 1.678417e+01 2.172211e+00 1.407535e+01 1.678417e+01 2.172211e+00 3.290970e-09 -4.860959e-07 2.344863e-08 1.174057e+00
1.532946e+01 2.433757e+01 5.150677e+00 1.532946e+01 2.433757e+01 5.150677e+00 9.589267e-08 1.702076e-07 -4.761441e-07 5.153259e-01
1.492817e+01 2.490880e+01 4.484123e+00 1.492817e+01 2.490880e+01 4.484123e+00 8.356106e-09 3.826764e-08 -5.264964e-07 5.898846e-01
8.998796e+00 1.638071e+01 6.849150e+00 8.998796e+00 1.638071e+01 6.849150e+00 8.806633e-08 7.247701e-07 -2.274928e-08 6.092864e+00
5.871041e+00 1.133676e+01 3.848906e+00 5.871041e+00 1.133676e+01 3.848906e+00 -1.012397e-07 -1.925741e-07 6.132516e-07 4.198305e-01
7.678055e+00 1.073685e+01 4.480502e+00 7.678055e+00 1.073685e+01 4.480502e+00 -1.932224e-08 3.369742e-08 6.646646e-07 5.086752e-01
7.082943e+00 1.100707e+01 3.805537e+00 7.082943e+00 1.100707e+01 3.805537e+00 -7.511573e-08 -1.901631e-07 6.234994e-07 4.715805e-01
1.212079e+01 1.133275e+01 3.849104e+00 1.212079e+01 1.133275e+01 3.849104e+00 7.357654e-08 -1.740814e-07 5.484592e-07 4.233063e-01
1.090846e+01 1.100461e+01 3.805661e+00 1.090846e+01 1.100461e+01 3.805661e+00 5.227733e-08 -1.770692e-07 5.825760e-07 4.737731e-01
9.003736e+00 2.340146e+01 2.091651e+00 9.003736e+00 2.340146e+01 2.091651e+00 -7.519392e-08 -7.214245e-07 1.380267e-08 3.098810e+00
6.413612e+00 1.544610e+01 2.091729e+00 6.413612e+00 1.544610e+01 2.091729e+00 -1.558969e-07 -6.774559e-07 -1.238696e-08 2.868670e+00
7.961183e+00 1.602483e+01 2.133499e+00 7.961183e+00 1.602483e+01 2.133499e+00 -1.122014e-07 -7.102509e-07 -2.255838e-08 6.995256e+00
7.437602e+00 1.526567e+01 2.104899e+00 7.437602e+00 1.526567e+01 2.104899e+00 -1.286739e-07 -7.001712e-07 -1.597912e-08 3.924550e+00
1.158384e+01 1.544276e+01 2.091723e+00 1.158384e+01 1.544276e+01 2.091723e+00 -8.544039e-09 -6.580871e-07 -1.022330e-08 2.884006e+00
1.055961e+01 1.526365e+01 2.104891e+00 1.055961e+01 1.526365e+01 2.104891e+00 -3.368526e-08 -6.867191e-07 -1.346113e-08 3.934562e+00
6.417610e+00 2.255883e+01 6.908277e+00 6.417610e+00 2.255883e+01 6.908277e+00 8.527196e-09 6.582244e-07 1.022234e-08 1.702718e+00
7.964421e+00 2.197810e+01 6.866508e+00 7.964421e+00 2.197810e+01 6.866508e+00 6.115371e-08 7.032134e-07 2.023583e-08 4.188860e+00
7.441833e+00 2.273794e+01 6.895109e+00 7.441833e+00 2.273794e+01 6.895109e+00 3.366786e-08 6.868555e-07 1.345943e-08 2.306777e+00
1.158783e+01 2.255550e+01 6.908271e+00 1.158783e+01 2.255550e+01 6.908271e+00 1.558806e-07 6.775944e-07 1.238723e-08 1.668689e+00
1.056384e+01 2.273593e+01 6.895101e+00 1.056384e+01 2.273593e+01 6.895101e+00 1.286586e-07 7.003089e-07 1.597785e-08 2.279030e+00
5.880658e+00 2.666884e+01 5.150896e+00 5.880658e+00 2.666884e+01 5.150896e+00 -7.360886e-08 1.742170e-07 -5.484801e-07 5.221902e-01
7.688510e+00 2.726642e+01 4.519411e+00 7.688510e+00 2.726642e+01 4.519411e+00 -1.834216e-08 -3.573778e-08 -6.362680e-07 5.659874e-01
7.092990e+00 2.699699e+01 5.194339e+00 7.092990e+00 2.699699e+01 5.194339e+00 -5.230032e-08 1.771996e-07 -5.825771e-07 5.420434e-01
1.213040e+01 2.666483e+01 5.151094e+00 1.213040e+01 2.666483e+01 5.151094e+00 1.012357e-07 1.927040e-07 -6.132576e-07 5.259031e-01
1.091850e+01 2.699453e+01 5.194463e+00 1.091850e+01 2.699453e+01 5.194463e+00 7.511305e-08 1.903023e-07 -6.235099e-07 5.441982e-01
1.011067e+01 1.269904e+01 2.347276e+00 1.011067e+01 1.269904e+01 2.347276e+00 3.822978e-08 -6.025400e-07 2.147972e-07 5.467925e-01
1.011835e+01 2.530109e+01 6.652754e+00 1.011835e+01 2.530109e+01 6.652754e+00 1.342557e-07 6.210606e-07 -2.243009e-07 4.369574e-01
7.430685e-01 1.840273e+01 5.148809e+00 7.430685e-01 1.840273e+01 5.148809e+00 6.137592e-08 7.072732e-08 1.378475e-07 4.768152e-01
1.678927e+00 1.839223e+01 6.273005e+00 1.678927e+00 1.839223e+01 6.273005e+00 1.414021e-07 2.057680e-07 9.808266e-08 3.839929e-01
1.134920e+00 1.900868e+01 5.795778e+00 1.134920e+00 1.900868e+01 5.795778e+00 8.469497e-08 1.340279e-07 8.340919e-08 4.238318e-01
1.404604e+00 1.653763e+01 5.744829e+00 1.404604e+00 1.653763e+01 5.744829e+00 1.488471e-07 1.635856e-07 2.402285e-07 4.535667e-01
9.371325e-01 1.709006e+01 5.155917e+00 9.371325e-01 1.709006e+01 5.155917e+00 8.148933e-08 8.915992e-08 2.304927e-07 4.934168e-01
4.391208e+00 1.455795e+01 6.651522e+00 4.391208e+00 1.455795e+01 6.651522e+00 2.205623e-07 4.680350e-07 1.777655e-07 4.496447e-01
2.714790e+00 1.519637e+01 6.272566e+00 2.714790e+00 1.519637e+01 6.272566e+00 2.220662e-07 2.662151e-07 2.417411e-07 3.651954e-01
3.475010e+00 1.437659e+01 6.311527e+00 3.475010e+00 1.437659e+01 6.311527e+00 2.200095e-07 3.319050e-07 2.758964e-07 3.717374e-01
3.789523e+00 1.630897e+01 6.825214e+00 3.789523e+00 1.630897e+01 6.825214e+00 2.122300e-07 4.348535e-07 6.750989e-08 5.771572e-01
4.516582e+00 1.555725e+01 6.831740e+00 4.516582e+00 1.555725e+01 6.831740e+00 2.097201e-07 5.118181e-07 7.449699e-08 7.338871e-01
4.816265e+00 1.764245e+01 6.908326e+00 4.816265e+00 1.764245e+01 6.908326e+00 1.393202e-07 5.868234e-07 -5.946858e-09 2.006686e+00
4.665281e+00 1.659213e+01 6.899843e+00 4.665281e+00 1.659213e+01 6.899843e+00 1.692511e-07 5.646362e-07 1.531533e-08 1.303643e+00
3.202257e+00 1.812089e+01 6.825335e+00 3.202257e+00 1.812089e+01 6.825335e+00 1.622037e-07 3.942290e-07 2.822413e-08 5.720423e-01
4.077781e+00 1.840468e+01 6.899892e+00 4.077781e+00 1.840468e+01 6.899892e+00 1.289357e-07 5.236010e-07 -5.770144e-10 1.253319e+00
1.963068e+00 1.463949e+01 5.148021e+00 1.963068e+00 1.463949e+01 5.148021e+00 9.835296e-08 8.745037e-08 3.974217e-07 4.592422e-01
1.350077e+00 1.581627e+01 5.155643e+00 1.350077e+00 1.581627e+01 5.155643e+00 9.369537e-08 9.447329e-08 3.198638e-07 4.881112e-01
2.635857e+00 1.437826e+01 5.794945e+00 2.635857e+00 1.437826e+01 5.794945e+00 1.757773e-07 2.033101e-07 3.562985e-07 4.027274e-01
2.662418e+00 1.989195e+01 6.652079e+00 2.662418e+00 1.989195e+01 6.652079e+00 6.539557e-08 3.382539e-07 -4.369133e-09 4.448744e-01
3.350221e+00 1.915592e+01 6.831957e+00 3.350221e+00 1.915592e+01 6.831957e+00 1.059637e-07 4.248524e-07 3.527105e-09 6.971916e-01
1.813796e+00 1.950190e+01 6.312279e+00 1.813796e+00 1.950190e+01 6.312279e+00 8.290884e-08 2.244433e-07 2.977746e-08 3.905515e-01
1.725744e+01 1.839232e+01 5.149314e+00 1.725744e+01 1.839232e+01 5.149314e+00 -2.745169e-09 5.814718e-08 -2.824754e-08 4.863623e-01
1.659339e+01 1.652809e+01 5.745253e+00 1.659339e+01 1.652809e+01 5.745253e+00 -4.010230e-08 1.390203e-07 1.013151e-07 4.613036e-01
1.706170e+01 1.707990e+01 5.156414e+00 1.706170e+01 1.707990e+01 5.156414e+00 -1.742217e-08 7.482061e-08 6.698689e-08 5.025661e-01
1.632130e+01 1.838303e+01 6.273325e+00 1.632130e+01 1.838303e+01 6.273325e+00 5.491774e-09 1.842407e-07 -6.499399e-09 3.913829e-01
1.686620e+01 1.899876e+01 5.796203e+00 1.686620e+01 1.899876e+01 5.796203e+00 2.380694e-08 1.220133e-07 -5.609008e-08 4.315177e-01
1.360419e+01 1.455223e+01 6.651650e+00 1.360419e+01 1.455223e+01 6.651650e+00 -8.236536e-08 4.326891e-07 1.358130e-07 4.467860e-01
1.420798e+01 1.630248e+01 6.825294e+00 1.420798e+01 1.630248e+01 6.825294e+00 -3.889536e-08 4.039321e-07 4.158275e-08 5.668454e-01
1.348000e+01 1.555168e+01 6.831800e+00 1.348000e+01 1.555168e+01 6.831800e+00 -4.617394e-08 4.812074e-07 5.510481e-08 7.179192e-01
1.528143e+01 1.518853e+01 6.272846e+00 1.528143e+01 1.518853e+01 6.272846e+00 -8.912071e-08 2.295882e-07 1.499085e-07 3.702963e-01
1.452021e+01 1.436971e+01 6.311763e+00 1.452021e+01 1.436971e+01 6.311763e+00 -9.970094e-08 2.956800e-07 1.985602e-07 3.750174e-01
1.318289e+01 1.763720e+01 6.908315e+00 1.318289e+01 1.763720e+01 6.908315e+00 4.785852e-08 5.748542e-07 -2.516041e-09 1.942926e+00
1.479751e+01 1.811361e+01 6.825426e+00 1.479751e+01 1.811361e+01 6.825426e+00 2.028880e-08 3.739310e-07 -1.208540e-09 5.618050e-01
1.392233e+01 1.839847e+01 6.899907e+00 1.392233e+01 1.839847e+01 6.899907e+00 5.936108e-08 5.153483e-07 -5.518483e-09 1.209967e+00
1.333257e+01 1.658671e+01 6.899855e+00 1.333257e+01 1.658671e+01 6.899855e+00 9.951269e-09 5.429724e-07 1.173777e-08 1.264956e+00
1.603269e+01 1.463063e+01 5.148456e+00 1.603269e+01 1.463063e+01 5.148456e+00 -4.391293e-08 7.350292e-08 2.542525e-07 4.671455e-01
1.535945e+01 1.437030e+01 5.795294e+00 1.535945e+01 1.437030e+01 5.795294e+00 -8.364174e-08 1.737137e-07 2.415557e-07 4.084328e-01
1.664714e+01 1.580664e+01 5.156114e+00 1.664714e+01 1.580664e+01 5.156114e+00 -3.149124e-08 7.982236e-08 1.650527e-07 4.967694e-01
1.533964e+01 1.988392e+01 6.652257e+00 1.533964e+01 1.988392e+01 6.652257e+00 1.022311e-07 3.389744e-07 -6.252144e-08 4.419580e-01
1.618784e+01 1.949284e+01 6.312582e+00 1.618784e+01 1.949284e+01 6.312582e+00 6.220030e-08 2.164231e-07 -6.941905e-08 3.957290e-01
1.465086e+01 1.914879e+01 6.832036e+00 1.465086e+01 1.914879e+01 6.832036e+00 7.723276e-08 4.183630e-07 -2.213683e-08 6.782537e-01
4.818560e+00 2.036440e+01 2.091685e+00 4.818560e+00 2.036440e+01 2.091685e+00 -4.787454e-08 -5.747142e-07 2.516168e-09 2.986845e+00
3.793462e+00 2.169912e+01 2.174706e+00 3.793462e+00 2.169912e+01 2.174706e+00 3.887841e-08 -4.037905e-07 -4.158432e-08 7.920384e-01
4.668881e+00 2.141489e+01 2.100145e+00 4.668881e+00 2.141489e+01 2.100145e+00 -9.967355e-09 -5.428321e-07 -1.173797e-08 1.886712e+00
3.203932e+00 1.988798e+01 2.174574e+00 3.203932e+00 1.988798e+01 2.174574e+00 -2.030424e-08 -3.737886e-07 1.207449e-09 7.669888e-01
4.079115e+00 1.960312e+01 2.100093e+00 4.079115e+00 1.960312e+01 2.100093e+00 -5.937567e-08 -5.152042e-07 5.517958e-09 1.849867e+00
4.397255e+00 2.344937e+01 2.348350e+00 4.397255e+00 2.344937e+01 2.348350e+00 8.234729e-08 -4.325511e-07 -1.358151e-07 6.438157e-01
2.720014e+00 2.281307e+01 2.727154e+00 2.720014e+00 2.281307e+01 2.727154e+00 8.910374e-08 -2.294478e-07 -1.499112e-07 4.091801e-01
3.481232e+00 2.363189e+01 2.688237e+00 3.481232e+00 2.363189e+01 2.688237e+00 9.968198e-08 -2.955411e-07 -1.985632e-07 4.749067e-01
4.521442e+00 2.244992e+01 2.168200e+00 4.521442e+00 2.244992e+01 2.168200e+00 4.615714e-08 -4.810691e-07 -5.510577e-08 1.055386e+00
2.661807e+00 1.811767e+01 2.347743e+00 2.661807e+00 1.811767e+01 2.347743e+00 -1.022469e-07 -3.388324e-07 6.252101e-08 5.830858e-01
3.350589e+00 1.885280e+01 2.167964e+00 3.350589e+00 1.885280e+01 2.167964e+00 -7.724883e-08 -4.182219e-07 2.213645e-08 1.001017e+00
1.680150e+00 1.961856e+01 2.726675e+00 1.680150e+00 1.961856e+01 2.726675e+00 -5.507142e-09 -1.840970e-07 6.497290e-09 3.824784e-01
1.813609e+00 1.850876e+01 2.687418e+00 1.813609e+00 1.850876e+01 2.687418e+00 -6.221683e-08 -2.162792e-07 6.941844e-08 4.285052e-01
1.968757e+00 2.337097e+01 3.851545e+00 1.968757e+00 2.337097e+01 3.851545e+00 4.389479e-08 -7.336252e-08 -2.542582e-07 4.833731e-01
1.408057e+00 2.147351e+01 3.254747e+00 1.408057e+00 2.147351e+01 3.254747e+00 4.008569e-08 -1.388764e-07 -1.013180e-07 4.134801e-01
1.354302e+00 2.219496e+01 3.843886e+00 1.354302e+00 2.219496e+01 3.843886e+00 3.147234e-08 -7.967766e-08 -1.650521e-07 4.695235e-01
2.641991e+00 2.363129e+01 3.204706e+00 2.641991e+00 2.363129e+01 3.204706e+00 8.362322e-08 -1.735739e-07 -2.415604e-07 4.552248e-01
1.318518e+01 2.035914e+01 2.091674e+00 1.318518e+01 2.035914e+01 2.091674e+00 -1.393367e-07 -5.866838e-07 5.946896e-09 3.018220e+00
1.479919e+01 1.988071e+01 2.174665e+00 1.479919e+01 1.988071e+01 2.174665e+00 -1.622218e-07 -3.940861e-07 -2.822468e-08 7.885223e-01
1.392366e+01 1.959692e+01 2.100108e+00 1.392366e+01 1.959692e+01 2.100108e+00 -1.289520e-07 -5.234621e-07 5.765140e-10 1.878343e+00
1.421192e+01 2.169262e+01 2.174786e+00 1.421192e+01 2.169262e+01 2.174786e+00 -2.122472e-07 -4.347095e-07 -6.751186e-08 8.129285e-01
1.333616e+01 2.140947e+01 2.100157e+00 1.333616e+01 2.140947e+01 2.100157e+00 -1.692676e-07 -5.644970e-07 -1.531531e-08 1.913773e+00
1.361024e+01 2.344364e+01 2.348478e+00 1.361024e+01 2.344364e+01 2.348478e+00 -2.205765e-07 -4.678965e-07 -1.777671e-07 6.582634e-01
1.348486e+01 2.244434e+01 2.168260e+00 1.348486e+01 2.244434e+01 2.168260e+00 -2.097365e-07 -5.116789e-07 -7.449765e-08 1.075720e+00
1.528666e+01 2.280523e+01 2.727434e+00 1.528666e+01 2.280523e+01 2.727434e+00 -2.220802e-07 -2.660721e-07 -2.417444e-07 4.202018e-01
1.452644e+01 2.362501e+01 2.688473e+00 1.452644e+01 2.362501e+01 2.688473e+00 -2.200243e-07 -3.317649e-07 -2.759007e-07 4.865788e-01
1.533903e+01 1.810965e+01 2.347921e+00 1.533903e+01 1.810965e+01 2.347921e+00 -6.541254e-08 -3.381114e-07 4.368512e-09 5.995796e-01
1.632252e+01 1.960937e+01 2.726995e+00 1.632252e+01 1.960937e+01 2.726995e+00 -1.414178e-07 -2.056226e-07 -9.808271e-08 3.942342e-01
1.618765e+01 1.849969e+01 2.687721e+00 1.618765e+01 1.849969e+01 2.687721e+00 -8.292548e-08 -2.242982e-07 -2.977785e-08 4.417490e-01
1.465122e+01 1.884567e+01 2.168043e+00 1.465122e+01 1.884567e+01 2.168043e+00 -1.059806e-07 -4.247108e-07 -3.527338e-09 1.023036e+00
1.603838e+01 2.336211e+01 3.851979e+00 1.603838e+01 2.336211e+01 3.851979e+00 -9.836160e-08 -8.730314e-08 -3.974187e-07 4.936979e-01
1.536559e+01 2.362333e+01 3.205055e+00 1.536559e+01 2.362333e+01 3.205055e+00 -1.757900e-07 -2.031674e-07 -3.563029e-07 4.657341e-01
1.659684e+01 2.146397e+01 3.255171e+00 1.659684e+01 2.146397e+01 3.255171e+00 -1.488619e-07 -1.634416e-07 -2.402334e-07 4.231289e-01
1.665137e+01 2.218532e+01 3.844357e+00 1.665137e+01 2.218532e+01 3.844357e+00 -9.370940e-08 -9.432806e-08 -3.198647e-07 4.800142e-01
8.997710e+00 1.460014e+01 6.908349e+00 8.997710e+00 1.460014e+01 6.908349e+00 7.517847e-08 7.215622e-07 -1.380195e-08 2.161454e+00
9.949309e+00 1.321172e+01 6.825091e+00 9.949309e+00 1.321172e+01 6.825091e+00 2.295880e-08 6.999153e-07 1.076608e-07 6.035781e-01
9.950179e+00 1.413208e+01 6.899841e+00 9.950179e+00 1.413208e+01 6.899841e+00 3.758401e-08 7.085936e-07 1.594896e-08 1.375316e+00
8.044512e+00 1.321290e+01 6.825073e+00 8.044512e+00 1.321290e+01 6.825073e+00 7.518823e-08 7.085904e-07 1.133927e-07 6.042006e-01
8.044688e+00 1.413327e+01 6.899834e+00 8.044688e+00 1.413327e+01 6.899834e+00 9.986725e-08 7.159034e-07 1.827449e-08 1.381771e+00
7.017573e+00 1.096203e+01 5.147300e+00 7.017573e+00 1.096203e+01 5.147300e+00 1.263374e-08 2.342036e-07 6.362603e-07 4.504322e-01
7.316284e+00 1.184816e+01 6.272079e+00 7.316284e+00 1.184816e+01 6.272079e+00 6.216692e-08 5.728595e-07 4.025176e-07 3.628520e-01
6.562060e+00 1.152153e+01 5.794429e+00 6.562060e+00 1.152153e+01 5.794429e+00 6.105386e-08 4.122762e-07 5.255262e-07 3.992751e-01
8.995621e+00 1.101454e+01 5.743876e+00 8.995621e+00 1.101454e+01 5.743876e+00 1.613360e-08 4.442494e-07 5.560749e-07 4.406833e-01
8.325944e+00 1.074095e+01 5.154671e+00 8.325944e+00 1.074095e+01 5.154671e+00 1.039724e-08 2.575578e-07 6.402127e-07 4.750608e-01
1.097365e+01 1.095954e+01 5.147414e+00 1.097365e+01 1.095954e+01 5.147414e+00 2.120744e-09 2.283468e-07 5.986877e-07 4.528189e-01
9.664996e+00 1.074011e+01 5.154711e+00 9.664996e+00 1.074011e+01 5.154711e+00 7.168386e-09 2.555878e-07 6.271590e-07 4.758280e-01
1.067596e+01 1.184608e+01 6.272142e+00 1.067596e+01 1.184608e+01 6.272142e+00 -1.286576e-08 5.590607e-07 3.816747e-07 3.654227e-01
1.142981e+01 1.151850e+01 5.794550e+00 1.142981e+01 1.151850e+01 5.794550e+00 -2.587227e-08 3.967380e-07 4.860001e-07 4.022463e-01
9.002649e+00 2.162089e+01 2.150850e+00 9.002649e+00 2.162089e+01 2.150850e+00 -8.808207e-08 -7.246287e-07 2.274958e-08 9.077973e+00
8.142659e+00 2.018596e+01 2.182960e+00 8.142659e+00 2.018596e+01 2.182960e+00 -8.704390e-08 -7.153224e-07 1.002647e-08 1.159071e+01
8.116226e+00 2.110378e+01 2.162097e+00 8.116226e+00 2.110378e+01 2.162097e+00 -7.887244e-08 -7.133209e-07 1.732084e-08 1.010364e+01
9.860862e+00 2.018487e+01 2.182953e+00 9.860862e+00 2.018487e+01 2.182953e+00 -1.016437e-07 -7.172306e-07 1.214139e-08 1.160294e+01
9.888435e+00 2.110267e+01 2.162091e+00 9.888435e+00 2.110267e+01 2.162091e+00 -1.027415e-07 -7.162966e-07 1.925916e-08 1.011404e+01
7.461008e+00 1.688604e+01 2.150987e+00 7.461008e+00 1.688604e+01 2.150987e+00 -1.196117e-07 -7.073675e-07 -2.013817e-08 8.890455e+00
9.000086e+00 1.754146e+01 2.183036e+00 9.000086e+00 1.754146e+01 2.183036e+00 -9.364374e-08 -7.213992e-07 -1.366483e-08 1.144955e+01
8.481986e+00 1.678339e+01 2.162217e+00 8.481986e+00 1.678339e+01 2.162217e+00 -1.011023e-07 -7.170512e-07 -1.977514e-08 9.927370e+00
7.610726e+00 1.855221e+01 2.183011e+00 7.610726e+00 1.855221e+01 2.183011e+00 -9.992872e-08 -7.082812e-07 -5.918874e-09 1.149764e+01
7.048992e+00 1.782586e+01 2.162194e+00 7.048992e+00 1.782586e+01 2.162194e+00 -1.117487e-07 -6.958300e-07 -1.262669e-08 9.962926e+00
1.053832e+01 1.688407e+01 2.150976e+00 1.053832e+01 1.688407e+01 2.150976e+00 -6.200992e-08 -6.997919e-07 -1.661560e-08 8.905623e+00
1.039073e+01 1.855044e+01 2.183000e+00 1.039073e+01 1.855044e+01 2.183000e+00 -9.102320e-08 -7.070975e-07 -2.487995e-09 1.151923e+01
1.095154e+01 1.782338e+01 2.162179e+00 1.095154e+01 1.782338e+01 2.162179e+00 -7.557829e-08 -6.912084e-07 -8.231401e-09 9.984934e+00
9.517207e+00 1.678272e+01 2.162213e+00 9.517207e+00 1.678272e+01 2.162213e+00 -8.036201e-08 -7.141743e-07 -1.851541e-08 9.933556e+00
7.463130e+00 2.111752e+01 6.849024e+00 7.463130e+00 2.111752e+01 6.849024e+00 6.199337e-08 6.999274e-07 1.661602e-08 5.432250e+00
9.001360e+00 2.046014e+01 6.816964e+00 9.001360e+00 2.046014e+01 6.816964e+00 9.362739e-08 7.215362e-07 1.366469e-08 6.934478e+00
8.484239e+00 2.121888e+01 6.837787e+00 8.484239e+00 2.121888e+01 6.837787e+00 8.034594e-08 7.143111e-07 1.851544e-08 6.025801e+00
7.610711e+00 1.945115e+01 6.817000e+00 7.610711e+00 1.945115e+01 6.817000e+00 9.100677e-08 7.072369e-07 2.487680e-09 7.137941e+00
7.049908e+00 2.017822e+01 6.837821e+00 7.049908e+00 2.017822e+01 6.837821e+00 7.556103e-08 6.913441e-07 8.231697e-09 6.210252e+00
1.054044e+01 2.111555e+01 6.849013e+00 1.054044e+01 2.111555e+01 6.849013e+00 1.195956e-07 7.075041e-07 2.013851e-08 5.380514e+00
1.039072e+01 1.944939e+01 6.816989e+00 1.039072e+01 1.944939e+01 6.816989e+00 9.991250e-08 7.084203e-07 5.918689e-09 7.076808e+00
1.095245e+01 2.017574e+01 6.837806e+00 1.095245e+01 2.017574e+01 6.837806e+00 1.117327e-07 6.959701e-07 1.262647e-08 6.136229e+00
9.519459e+00 2.121821e+01 6.837783e+00 9.519459e+00 2.121821e+01 6.837783e+00 1.010859e-07 7.171869e-07 1.977531e-08 6.006962e+00
7.027792e+00 2.704205e+01 3.852586e+00 7.027792e+00 2.704205e+01 3.852586e+00 -2.144474e-09 -2.282112e-07 -5.986900e-07 5.087071e-01
7.325487e+00 2.615552e+01 2.727858e+00 7.325487e+00 2.615552e+01 2.727858e+00 1.284745e-08 -5.589181e-07 -3.816704e-07 4.366302e-01
6.571633e+00 2.648310e+01 3.205450e+00 6.571633e+00 2.648310e+01 3.205450e+00 2.585031e-08 -3.966041e-07 -4.860069e-07 4.762355e-01
9.005825e+00 2.698706e+01 3.256124e+00 9.005825e+00 2.698706e+01 3.256124e+00 -1.614959e-08 -4.441269e-07 -5.560767e-07 4.502769e-01
8.336449e+00 2.726148e+01 3.845289e+00 8.336449e+00 2.726148e+01 3.845289e+00 -7.185581e-09 -2.554537e-07 -6.271575e-07 5.059147e-01
1.098387e+01 2.703957e+01 3.852700e+00 1.098387e+01 2.703957e+01 3.852700e+00 -1.263976e-08 -2.340724e-07 -6.362716e-07 5.124827e-01
9.675502e+00 2.726064e+01 3.845329e+00 9.675502e+00 2.726064e+01 3.845329e+00 -1.041011e-08 -2.574215e-07 -6.402069e-07 5.071510e-01
1.068516e+01 2.615343e+01 2.727921e+00 1.068516e+01 2.615343e+01 2.727921e+00 -6.217860e-08 -5.727157e-07 -4.025127e-07 4.401522e-01
1.143939e+01 2.648006e+01 3.205571e+00 1.143939e+01 2.648006e+01 3.205571e+00 -6.106228e-08 -4.121404e-07 -5.255326e-07 4.812861e-01
7.883096e+00 1.270051e+01 2.347246e+00 7.883096e+00 1.270051e+01 2.347246e+00 -1.342696e-07 -6.209272e-07 2.242970e-07 5.444010e-01
6.367378e+00 1.376341e+01 2.174246e+00 6.367378e+00 1.376341e+01 2.174246e+00 -2.135793e-07 -6.361262e-07 1.074563e-07 6.963360e-01
7.397130e+00 1.358289e+01 2.167730e+00 7.397130e+00 1.358289e+01 2.167730e+00 -1.616521e-07 -6.667749e-07 9.780331e-08 9.398861e-01
6.152184e+00 1.223074e+01 2.725523e+00 6.152184e+00 1.223074e+01 2.725523e+00 -2.105998e-07 -4.989175e-07 3.848757e-07 3.470130e-01
7.248795e+00 1.201459e+01 2.686482e+00 7.248795e+00 1.201459e+01 2.686482e+00 -1.589556e-07 -5.200816e-07 3.767267e-07 3.965681e-01
7.890776e+00 2.530255e+01 6.652724e+00 7.890776e+00 2.530255e+01 6.652724e+00 -3.824777e-08 6.026760e-07 -2.148023e-07 4.377465e-01
6.373637e+00 2.424163e+01 6.825716e+00 6.373637e+00 2.424163e+01 6.825716e+00 -9.206038e-08 5.979454e-07 -9.512465e-08 5.326270e-01
7.403615e+00 2.442081e+01 6.832253e+00 7.403615e+00 2.442081e+01 6.832253e+00 -3.961452e-08 6.433162e-07 -9.227509e-08 6.238544e-01
6.160531e+00 2.577458e+01 6.274344e+00 6.160531e+00 2.577458e+01 6.274344e+00 -1.375887e-07 4.572021e-07 -3.411869e-07 4.198900e-01
7.257422e+00 2.598930e+01 6.313440e+00 7.257422e+00 2.598930e+01 6.313440e+00 -8.850569e-08 4.932291e-07 -3.511376e-07 4.152435e-01
1.672857e+00 2.069146e+01 2.815108e+00 1.672857e+00 2.069146e+01 2.815108e+00 3.593392e-08 -1.748856e-07 -5.236580e-08 4.037852e-01
9.397503e-01 2.092170e+01 3.843586e+00 9.397503e-01 2.092170e+01 3.843586e+00 1.740448e-08 -7.467722e-08 -6.699047e-08 4.605064e-01
1.135244e+00 1.900283e+01 3.203797e+00 1.135244e+00 1.900283e+01 3.203797e+00 -2.382010e-08 -1.218683e-07 5.608769e-08 4.179751e-01
2.069598e+00 2.063741e+01 6.323820e+00 2.069598e+00 2.063741e+01 6.323820e+00 1.993075e-08 2.579283e-07 -3.583091e-08 4.265342e-01
1.049523e+00 2.091218e+01 5.213054e+00 1.049523e+00 2.091218e+01 5.213054e+00 7.751250e-09 7.321472e-08 -5.949054e-08 5.394202e-01
1.641750e+00 2.139649e+01 5.836761e+00 1.641750e+00 2.139649e+01 5.836761e+00 -1.458834e-08 1.763056e-07 -9.308245e-08 4.952134e-01
1.550080e+00 2.281243e+01 4.518163e+00 1.550080e+00 2.281243e+01 4.518163e+00 6.637304e-10 6.801983e-09 -2.260045e-07 5.350402e-01
1.448507e+00 2.213714e+01 5.213373e+00 1.448507e+00 2.213714e+01 5.213373e+00 -2.255481e-08 9.221205e-08 -1.642828e-07 5.457924e-01
1.545231e+00 1.519860e+01 4.481366e+00 1.545231e+00 1.519860e+01 4.481366e+00 1.100430e-08 -8.193799e-09 3.802814e-07 5.230467e-01
1.047256e+00 1.709949e+01 3.786466e+00 1.047256e+00 1.709949e+01 3.786466e+00 -4.040565e-08 -7.607691e-08 2.175127e-07 5.479695e-01
1.444670e+00 1.587406e+01 3.786173e+00 1.444670e+00 1.587406e+01 3.786173e+00 -6.411824e-08 -1.052610e-07 3.130758e-07 5.429125e-01
2.067950e+00 1.737299e+01 2.675890e+00 2.067950e+00 1.737299e+01 2.675890e+00 -1.174092e-07 -2.689676e-07 1.307339e-07 4.869981e-01
1.639009e+00 1.661446e+01 3.162850e+00 1.639009e+00 1.661446e+01 3.162850e+00 -1.082987e-07 -1.924806e-07 2.204930e-07 5.153187e-01
8.088841e+00 1.232078e+01 6.593891e+00 8.088841e+00 1.232078e+01 6.593891e+00 4.865824e-08 6.669172e-07 2.682257e-07 4.077537e-01
6.302373e+00 1.231928e+01 6.311242e+00 6.302373e+00 1.231928e+01 6.311242e+00 1.007174e-07 5.410536e-07 3.700993e-07 3.723147e-01
7.105592e+00 1.367340e+01 6.831677e+00 7.105592e+00 1.367340e+01 6.831677e+00 1.160329e-07 6.870904e-07 9.515225e-08 7.623214e-01
2.749814e+00 1.366034e+01 5.191174e+00 2.749814e+00 1.366034e+01 5.191174e+00 9.303617e-08 1.017484e-07 4.582476e-07 4.754792e-01
4.447310e+00 1.274148e+01 5.835103e+00 4.447310e+00 1.274148e+01 5.835103e+00 1.309083e-07 3.142256e-07 4.507308e-07 4.684359e-01
3.683608e+00 1.278702e+01 5.211300e+00 3.683608e+00 1.278702e+01 5.211300e+00 7.502189e-08 1.303881e-07 5.158220e-07 5.075011e-01
5.843789e+00 1.140926e+01 5.190720e+00 5.843789e+00 1.140926e+01 5.190720e+00 3.053143e-08 2.056255e-07 6.072085e-07 4.700747e-01
4.725479e+00 1.202899e+01 5.211145e+00 4.725479e+00 1.202899e+01 5.211145e+00 5.159289e-08 1.689072e-07 5.685032e-07 5.054510e-01
5.538652e+00 1.689437e+01 6.895177e+00 5.538652e+00 1.689437e+01 6.895177e+00 1.433527e-07 6.257994e-07 -8.317763e-09 2.768939e+00
6.248761e+00 1.521672e+01 6.884959e+00 6.248761e+00 1.521672e+01 6.884959e+00 1.544732e-07 6.555361e-07 1.605150e-08 1.870527e+00
6.324894e+00 1.620937e+01 6.884647e+00 6.324894e+00 1.620937e+01 6.884647e+00 1.392751e-07 6.622633e-07 -1.081842e-08 3.302559e+00
8.063610e+00 1.505725e+01 6.895205e+00 8.063610e+00 1.505725e+01 6.895205e+00 1.040126e-07 7.151934e-07 -1.721467e-08 2.895589e+00
7.169898e+00 1.559456e+01 6.884658e+00 7.169898e+00 1.559456e+01 6.884658e+00 1.256570e-07 6.939440e-07 -1.440925e-08 3.351141e+00
8.183702e+00 1.873380e+01 6.807165e+00 8.183702e+00 1.873380e+01 6.807165e+00 9.987971e-08 7.183176e-07 -3.664832e-09 7.345821e+00
7.275807e+00 1.750804e+01 6.837895e+00 7.275807e+00 1.750804e+01 6.837895e+00 1.114582e-07 6.971557e-07 -1.469027e-08 6.623974e+00
8.140584e+00 1.781672e+01 6.817047e+00 8.140584e+00 1.781672e+01 6.817047e+00 1.016267e-07 7.173662e-07 -1.214158e-08 7.415002e+00
6.729305e+00 1.919384e+01 6.837851e+00 6.729305e+00 1.919384e+01 6.837851e+00 9.496542e-08 6.809051e-07 -1.240824e-09 6.370110e+00
8.087357e+00 1.597916e+01 6.866648e+00 8.087357e+00 1.597916e+01 6.866648e+00 1.037138e-07 7.155656e-07 -2.320926e-08 4.915825e+00
8.113011e+00 1.689893e+01 6.837909e+00 8.113011e+00 1.689893e+01 6.837909e+00 1.027251e-07 7.164332e-07 -1.925922e-08 6.706594e+00
3.592833e+00 2.019455e+01 6.827752e+00 3.592833e+00 2.019455e+01 6.827752e+00 4.967917e-08 4.551639e-07 -1.164406e-08 7.883220e-01
5.197339e+00 1.968787e+01 6.884615e+00 5.197339e+00 1.968787e+01 6.884615e+00 7.928840e-08 6.037410e-07 -1.014265e-09 3.018182e+00
4.553374e+00 2.044721e+01 6.885017e+00 4.553374e+00 2.044721e+01 6.885017e+00 4.430795e-08 5.511446e-07 -3.290289e-09 1.635066e+00
6.489519e+00 2.090803e+01 6.866533e+00 6.489519e+00 2.090803e+01 6.866533e+00 5.299220e-08 6.693553e-07 1.269009e-08 4.333229e+00
5.520963e+00 2.068138e+01 6.884593e+00 5.520963e+00 2.068138e+01 6.884593e+00 4.679093e-08 6.207723e-07 6.243694e-09 2.922797e+00
4.059403e+00 1.333391e+01 2.813809e+00 4.059403e+00 1.333391e+01 2.813809e+00 -2.363446e-07 -4.411508e-07 3.747400e-07 3.712486e-01
2.633013e+00 1.438512e+01 3.202824e+00 2.633013e+00 1.438512e+01 3.202824e+00 -1.739558e-07 -2.824623e-07 3.758177e-07 3.984391e-01
3.435658e+00 1.420686e+01 2.725755e+00 3.435658e+00 1.420686e+01 2.725755e+00 -2.346949e-07 -4.183233e-07 3.087088e-07 3.557683e-01
3.600611e+00 1.271629e+01 3.841749e+00 3.600611e+00 1.271629e+01 3.841749e+00 -1.070395e-07 -1.996589e-07 5.367151e-07 4.232608e-01
4.303775e+00 1.254490e+01 3.252944e+00 4.303775e+00 1.254490e+01 3.252944e+00 -1.837196e-07 -3.520586e-07 4.903031e-07 3.747782e-01
2.431436e+00 1.625250e+01 2.675714e+00 2.431436e+00 1.625250e+01 2.675714e+00 -1.662724e-07 -3.227045e-07 1.883253e-07 4.807365e-01
2.892259e+00 1.518369e+01 2.686879e+00 2.892259e+00 1.518369e+01 2.686879e+00 -2.068505e-07 -3.765280e-07 2.462160e-07 4.108233e-01
5.204115e+00 1.154256e+01 4.515560e+00 5.204115e+00 1.154256e+01 4.515560e+00 -3.089374e-08 -1.216248e-08 6.279191e-07 4.805414e-01
4.683426e+00 1.192856e+01 3.841604e+00 4.683426e+00 1.192856e+01 3.841604e+00 -1.095014e-07 -2.079079e-07 5.862158e-07 4.199139e-01
4.344538e+00 2.387199e+01 6.595237e+00 4.344538e+00 2.387199e+01 6.595237e+00 -1.582543e-07 4.591835e-07 -1.717896e-07 4.377538e-01
4.341888e+00 2.219965e+01 6.832088e+00 4.341888e+00 2.219965e+01 6.832088e+00 -5.212797e-08 5.157466e-07 -3.841355e-08 6.454105e-01
4.832056e+00 2.312327e+01 6.825624e+00 4.832056e+00 2.312327e+01 6.825624e+00 -9.605475e-08 5.383039e-07 -6.524823e-08 5.320340e-01
2.896759e+00 2.282577e+01 6.312867e+00 2.896759e+00 2.282577e+01 6.312867e+00 -9.663036e-08 3.312143e-07 -1.630541e-07 3.959494e-01
3.441438e+00 2.380194e+01 6.274009e+00 3.441438e+00 2.380194e+01 6.274009e+00 -1.392160e-07 3.653366e-07 -2.313279e-07 4.014585e-01
5.929450e+00 2.164071e+01 6.895113e+00 5.929450e+00 2.164071e+01 6.895113e+00 2.132711e-08 6.405785e-07 1.215396e-08 2.396350e+00
5.372088e+00 2.237792e+01 6.899912e+00 5.372088e+00 2.237792e+01 6.899912e+00 -2.189358e-08 6.040697e-07 -6.231306e-09 1.100756e+00
1.990535e+00 2.329495e+01 5.193373e+00 1.990535e+00 2.329495e+01 5.193373e+00 -4.883206e-08 1.170288e-07 -2.645949e-07 5.188974e-01
2.638637e+00 2.362465e+01 5.796840e+00 2.638637e+00 2.362465e+01 5.796840e+00 -1.007471e-07 2.421936e-07 -2.655596e-07 4.403396e-01
1.633115e+01 2.068227e+01 2.815450e+00 1.633115e+01 2.068227e+01 2.815450e+00 -1.775042e-07 -2.043193e-07 -1.645778e-07 4.135881e-01
1.686653e+01 1.899292e+01 3.204222e+00 1.686653e+01 1.899292e+01 3.204222e+00 -8.471406e-08 -1.338828e-07 -8.341343e-08 4.299574e-01
1.706431e+01 2.091154e+01 3.844083e+00 1.706431e+01 2.091154e+01 3.844083e+00 -8.150544e-08 -8.901369e-08 -2.304947e-07 4.715198e-01
1.645137e+01 1.518916e+01 4.481837e+00 1.645137e+01 1.518916e+01 4.481837e+00 -6.828762e-10 -6.659400e-09 2.259987e-07 5.333617e-01
1.695192e+01 1.708942e+01 3.786946e+00 1.695192e+01 1.708942e+01 3.786946e+00 -7.769030e-09 -7.306982e-08 5.948780e-08 5.605493e-01
1.655294e+01 1.586446e+01 3.786627e+00 1.655294e+01 1.586446e+01 3.786627e+00 2.253588e-08 -9.206937e-08 1.642821e-07 5.548182e-01
1.593185e+01 1.736418e+01 2.676180e+00 1.593185e+01 1.736418e+01 2.676180e+00 -1.994815e-08 -2.577870e-07 3.583082e-08 5.002419e-01
1.635970e+01 1.660510e+01 3.163239e+00 1.635970e+01 1.660510e+01 3.163239e+00 1.456937e-08 -1.761614e-07 9.307991e-08 5.278024e-01
1.593350e+01 2.062861e+01 6.324110e+00 1.593350e+01 2.062861e+01 6.324110e+00 1.173961e-07 2.691142e-07 -1.307347e-07 4.303054e-01
1.695419e+01 2.090210e+01 5.213534e+00 1.695419e+01 2.090210e+01 5.213534e+00 4.039491e-08 7.622450e-08 -2.175164e-07 5.478895e-01
1.636244e+01 2.138713e+01 5.837150e+00 1.636244e+01 2.138713e+01 5.837150e+00 1.082831e-07 1.926249e-07 -2.204915e-07 5.011863e-01
1.645621e+01 2.280300e+01 4.518634e+00 1.645621e+01 2.280300e+01 4.518634e+00 -1.101770e-08 8.337655e-09 -3.802838e-07 5.447549e-01
1.655678e+01 2.212754e+01 5.213827e+00 1.655678e+01 2.212754e+01 5.213827e+00 6.410268e-08 1.054049e-07 -3.130738e-07 5.537946e-01
9.903970e+00 1.231966e+01 6.593915e+00 9.903970e+00 1.231966e+01 6.593915e+00 1.066050e-08 6.591184e-07 2.603600e-07 4.093015e-01
1.088876e+01 1.367106e+01 6.831708e+00 1.088876e+01 1.367106e+01 6.831708e+00 -3.015354e-10 6.689886e-07 8.481524e-08 7.576550e-01
1.169042e+01 1.231594e+01 6.311351e+00 1.169042e+01 1.231594e+01 6.311351e+00 -3.710486e-08 5.174453e-07 3.344327e-07 3.750170e-01
1.245957e+01 1.689004e+01 6.895164e+00 1.245957e+01 1.689004e+01 6.895164e+00 3.869770e-08 6.111349e-07 -4.028767e-09 2.699895e+00
1.174741e+01 1.521331e+01 6.884967e+00 1.174741e+01 1.521331e+01 6.884967e+00 3.745027e-09 6.358022e-07 1.321733e-08 1.839078e+00
1.167248e+01 1.620603e+01 6.884638e+00 1.167248e+01 1.620603e+01 6.884638e+00 3.501523e-08 6.482098e-07 -7.840185e-09 3.243646e+00
9.932364e+00 1.505609e+01 6.895204e+00 9.932364e+00 1.505609e+01 6.895204e+00 5.326490e-08 7.094897e-07 -1.700141e-08 2.878920e+00
1.082673e+01 1.559228e+01 6.884654e+00 1.082673e+01 1.559228e+01 6.884654e+00 3.991430e-08 6.831292e-07 -1.300439e-08 3.312304e+00
1.524473e+01 1.365248e+01 5.191559e+00 1.524473e+01 1.365248e+01 5.191559e+00 -4.773541e-08 8.706375e-08 3.320004e-07 4.825327e-01
1.354602e+01 1.273580e+01 5.835344e+00 1.354602e+01 1.273580e+01 5.835344e+00 -6.826299e-08 2.882173e-07 3.718814e-07 4.725137e-01
1.430986e+01 1.278034e+01 5.211624e+00 1.430986e+01 1.278034e+01 5.211624e+00 -4.037965e-08 1.169644e-07 4.098496e-07 5.133888e-01
1.214800e+01 1.140530e+01 5.190904e+00 1.214800e+01 1.140530e+01 5.190904e+00 -1.347189e-08 1.964457e-07 5.471737e-07 4.737206e-01
1.326707e+01 1.202362e+01 5.211400e+00 1.326707e+01 1.202362e+01 5.211400e+00 -2.715780e-08 1.571801e-07 4.849883e-07 5.101523e-01
9.816816e+00 1.873277e+01 6.807158e+00 9.816816e+00 1.873277e+01 6.807158e+00 9.291287e-08 7.174122e-07 -1.566375e-09 7.307782e+00
1.127180e+01 1.919097e+01 6.837834e+00 1.127180e+01 1.919097e+01 6.837834e+00 9.557541e-08 6.811609e-07 3.956978e-09 6.280797e+00
1.072318e+01 1.750588e+01 6.837882e+00 1.072318e+01 1.750588e+01 6.837882e+00 7.546079e-08 6.923011e-07 -1.070136e-08 6.554068e+00
9.858786e+00 1.781564e+01 6.817040e+00 9.858786e+00 1.781564e+01 6.817040e+00 8.702787e-08 7.154590e-07 -1.002647e-08 7.375778e+00
1.440957e+01 2.018767e+01 6.827827e+00 1.440957e+01 2.018767e+01 6.827827e+00 1.285301e-07 4.642235e-07 -3.615532e-08 7.658069e-01
1.280440e+01 1.968304e+01 6.884603e+00 1.280440e+01 1.968304e+01 6.884603e+00 1.080124e-07 6.079755e-07 2.881192e-09 2.936066e+00
1.344934e+01 2.044154e+01 6.885031e+00 1.344934e+01 2.044154e+01 6.885031e+00 1.371951e-07 5.634190e-07 -7.759716e-09 1.583487e+00
1.151378e+01 2.090482e+01 6.866518e+00 1.151378e+01 2.090482e+01 6.866518e+00 1.288167e-07 6.788409e-07 1.738479e-08 4.261182e+00
1.248205e+01 2.067694e+01 6.884582e+00 1.248205e+01 2.067694e+01 6.884582e+00 1.351162e-07 6.320169e-07 9.544421e-09 2.850273e+00
9.909741e+00 1.597802e+01 6.866644e+00 9.909741e+00 1.597802e+01 6.866644e+00 6.774227e-08 7.113413e-07 -2.177554e-08 4.888136e+00
9.885219e+00 1.689782e+01 6.837903e+00 9.885219e+00 1.689782e+01 6.837903e+00 7.885586e-08 7.134583e-07 -1.732037e-08 6.670821e+00
1.393512e+01 1.332750e+01 2.814034e+00 1.393512e+01 1.332750e+01 2.814034e+00 1.533591e-07 -3.882281e-07 3.010065e-07 3.767356e-01
1.439299e+01 1.270939e+01 3.842080e+00 1.439299e+01 1.270939e+01 3.842080e+00 7.055868e-08 -1.746034e-07 4.282033e-07 4.300379e-01
1.368969e+01 1.253884e+01 3.253205e+00 1.368969e+01 1.253884e+01 3.253205e+00 1.218872e-07 -3.118283e-07 4.046815e-07 3.797556e-01
1.536281e+01 1.437694e+01 3.203160e+00 1.536281e+01 1.437694e+01 3.203160e+00 1.007245e-07 -2.420522e-07 2.655559e-07 4.076720e-01
1.456001e+01 1.419966e+01 2.725991e+00 1.456001e+01 1.419966e+01 2.725991e+00 1.391942e-07 -3.651993e-07 2.313280e-07 3.637412e-01
1.278791e+01 1.153775e+01 4.515798e+00 1.278791e+01 1.153775e+01 4.515798e+00 2.456215e-08 -7.576985e-09 5.502221e-07 4.850228e-01
1.330917e+01 1.192303e+01 3.841870e+00 1.330917e+01 1.192303e+01 3.841870e+00 7.520986e-08 -1.851466e-07 4.986030e-07 4.249882e-01
1.556691e+01 1.624410e+01 2.675988e+00 1.556691e+01 1.624410e+01 2.675988e+00 4.085875e-08 -2.936728e-07 9.879466e-08 4.930226e-01
1.510469e+01 1.517583e+01 2.687133e+00 1.510469e+01 1.517583e+01 2.687133e+00 9.660832e-08 -3.310717e-07 1.630528e-07 4.212726e-01
1.366275e+01 2.386591e+01 6.595382e+00 1.366275e+01 2.386591e+01 6.595382e+00 2.640320e-07 5.174951e-07 -2.187844e-07 4.439420e-01
1.510919e+01 2.281791e+01 6.313121e+00 1.510919e+01 2.281791e+01 6.313121e+00 2.068356e-07 3.766686e-07 -2.462132e-07 4.013564e-01
1.456579e+01 2.379474e+01 6.274245e+00 1.456579e+01 2.379474e+01 6.274245e+00 2.346852e-07 4.184642e-07 -3.087104e-07 4.088163e-01
1.366313e+01 2.219364e+01 6.832156e+00 1.366313e+01 2.219364e+01 6.832156e+00 2.059458e-07 5.525265e-07 -6.051827e-08 6.330154e-01
1.317419e+01 2.311786e+01 6.825691e+00 1.317419e+01 2.311786e+01 6.825691e+00 2.323158e-07 5.832867e-07 -8.677451e-08 5.282489e-01
1.601623e+01 2.328601e+01 5.193794e+00 1.601623e+01 2.328601e+01 5.193794e+00 8.606094e-08 1.385783e-07 -4.031567e-07 5.267347e-01
1.536843e+01 2.361648e+01 5.797176e+00 1.536843e+01 2.361648e+01 5.797176e+00 1.739429e-07 2.826036e-07 -3.758175e-07 4.472210e-01
1.207480e+01 2.163677e+01 6.895104e+00 1.207480e+01 2.163677e+01 6.895104e+00 1.527480e-07 6.569048e-07 1.505990e-08 2.341604e+00
1.263313e+01 2.237324e+01 6.899926e+00 1.263313e+01 2.237324e+01 6.899926e+00 1.844345e-07 6.303958e-07 -1.064911e-08 1.073736e+00
8.184630e+00 1.926883e+01 2.192842e+00 8.184630e+00 1.926883e+01 2.192842e+00 -9.292923e-08 -7.172739e-07 1.566242e-09 1.183783e+01
7.278268e+00 2.049572e+01 2.162118e+00 7.278268e+00 2.049572e+01 2.162118e+00 -7.547719e-08 -6.921631e-07 1.070119e-08 1.007058e+01
6.729645e+00 1.881063e+01 2.162166e+00 6.729645e+00 1.881063e+01 2.162166e+00 -9.559157e-08 -6.810228e-07 -3.956975e-09 9.999999e+00
5.328138e+00 2.314798e+01 2.172486e+00 5.328138e+00 2.314798e+01 2.172486e+00 4.079548e-08 -5.538865e-07 -6.610611e-08 1.257311e+00
6.328962e+00 2.179557e+01 2.115362e+00 6.328962e+00 2.179557e+01 2.115362e+00 -3.503211e-08 -6.480717e-07 7.839835e-09 4.790926e+00
6.254035e+00 2.278829e+01 2.115033e+00 6.254035e+00 2.278829e+01 2.115033e+00 -3.762398e-09 -6.356639e-07 -1.321780e-08 2.662809e+00
8.091704e+00 2.202358e+01 2.133356e+00 8.091704e+00 2.202358e+01 2.133356e+00 -6.775795e-08 -7.111999e-07 2.177780e-08 7.198631e+00
7.174715e+00 2.240932e+01 2.115346e+00 7.174715e+00 2.240932e+01 2.115346e+00 -3.993082e-08 -6.829916e-07 1.300426e-08 4.818428e+00
3.591872e+00 1.781392e+01 2.172173e+00 3.591872e+00 1.781392e+01 2.172173e+00 -1.285454e-07 -4.640825e-07 3.615499e-08 1.171648e+00
5.197046e+00 1.831855e+01 2.115397e+00 5.197046e+00 1.831855e+01 2.115397e+00 -1.080284e-07 -6.078371e-07 -2.881556e-09 4.685369e+00
4.552102e+00 1.756006e+01 2.114969e+00 4.552102e+00 1.756006e+01 2.114969e+00 -1.372100e-07 -5.632785e-07 7.759741e-09 2.538554e+00
6.487664e+00 1.709677e+01 2.133482e+00 6.487664e+00 1.709677e+01 2.133482e+00 -1.288323e-07 -6.787019e-07 -1.738515e-08 7.020980e+00
5.519396e+00 1.732466e+01 2.115418e+00 5.519396e+00 1.732466e+01 2.115418e+00 -1.351317e-07 -6.318775e-07 -9.544483e-09 4.658199e+00
8.097476e+00 2.568194e+01 2.406085e+00 8.097476e+00 2.568194e+01 2.406085e+00 -1.067659e-08 -6.589843e-07 -2.603594e-07 5.056768e-01
6.311024e+00 2.568565e+01 2.688649e+00 6.311024e+00 2.568565e+01 2.688649e+00 3.708444e-08 -5.173138e-07 -3.344367e-07 4.942123e-01
7.112688e+00 2.433054e+01 2.168292e+00 7.112688e+00 2.433054e+01 2.168292e+00 2.837761e-10 -6.688527e-07 -8.481582e-08 1.098924e+00
8.052137e+00 2.478987e+01 2.174909e+00 8.052137e+00 2.478987e+01 2.174909e+00 -2.297586e-08 -6.997781e-07 -1.076604e-07 8.533061e-01
2.756715e+00 2.434912e+01 3.808441e+00 2.756715e+00 2.434912e+01 3.808441e+00 4.771487e-08 -8.692424e-08 -3.320047e-07 5.468157e-01
4.455425e+00 2.526579e+01 3.164656e+00 4.455425e+00 2.526579e+01 3.164656e+00 6.823981e-08 -2.880783e-07 -3.718815e-07 5.840662e-01
3.691581e+00 2.522126e+01 3.788376e+00 3.691581e+00 2.522126e+01 3.788376e+00 4.035667e-08 -1.168265e-07 -4.098490e-07 6.092798e-01
5.853450e+00 2.659629e+01 3.809096e+00 5.853450e+00 2.659629e+01 3.809096e+00 1.344919e-08 -1.963167e-07 -5.471861e-07 5.622585e-01
4.734379e+00 2.597798e+01 3.788600e+00 4.734379e+00 2.597798e+01 3.788600e+00 2.713592e-08 -1.570530e-07 -4.849966e-07 6.143960e-01
8.069081e+00 2.294551e+01 2.104796e+00 8.069081e+00 2.294551e+01 2.104796e+00 -5.328204e-08 -7.093566e-07 1.699973e-08 4.152200e+00
8.051267e+00 2.386951e+01 2.100159e+00 8.051267e+00 2.386951e+01 2.100159e+00 -3.760160e-08 -7.084551e-07 -1.594951e-08 1.963775e+00
4.338700e+00 1.413568e+01 2.404618e+00 4.338700e+00 1.413568e+01 2.404618e+00 -2.640412e-07 -5.173556e-07 2.187856e-07 4.020026e-01
4.338314e+00 1.580795e+01 2.167844e+00 4.338314e+00 1.580795e+01 2.167844e+00 -2.059609e-07 -5.523882e-07 6.051900e-08 9.574543e-01
4.827259e+00 1.488374e+01 2.174309e+00 4.827259e+00 1.488374e+01 2.174309e+00 -2.323327e-07 -5.831499e-07 8.677442e-08 7.041314e-01
5.926644e+00 1.636483e+01 2.104896e+00 5.926644e+00 1.636483e+01 2.104896e+00 -1.527627e-07 -6.567661e-07 -1.506072e-08 3.944048e+00
5.368315e+00 1.562835e+01 2.100074e+00 5.368315e+00 1.562835e+01 2.100074e+00 -1.844503e-07 -6.302570e-07 1.064987e-08 1.770293e+00
4.066327e+00 2.467410e+01 6.185966e+00 4.066327e+00 2.467410e+01 6.185966e+00 -1.533794e-07 3.883617e-07 -3.010078e-07 4.787237e-01
3.608458e+00 2.529221e+01 5.157920e+00 3.608458e+00 2.529221e+01 5.157920e+00 -7.058198e-08 1.747388e-07 -4.282050e-07 5.370228e-01
4.311760e+00 2.546275e+01 5.746795e+00 4.311760e+00 2.546275e+01 5.746795e+00 -1.219101e-07 3.119609e-07 -4.046846e-07 4.971891e-01
5.213536e+00 2.646385e+01 4.484202e+00 5.213536e+00 2.646385e+01 4.484202e+00 -2.458724e-08 7.709688e-09 -5.502192e-07 5.907322e-01
4.692275e+00 2.607857e+01 5.158130e+00 4.692275e+00 2.607857e+01 5.158130e+00 -7.523386e-08 1.852754e-07 -4.986060e-07 5.414024e-01
9.817743e+00 1.926780e+01 2.192835e+00 9.817743e+00 1.926780e+01 2.192835e+00 -9.989594e-08 -7.181799e-07 3.664718e-09 1.185260e+01
1.127214e+01 1.880776e+01 2.162149e+00 1.127214e+01 1.880776e+01 2.162149e+00 -9.498194e-08 -6.807659e-07 1.240747e-09 1.002465e+01
1.072564e+01 2.049355e+01 2.162105e+00 1.072564e+01 2.049355e+01 2.162105e+00 -1.114744e-07 -6.970170e-07 1.468992e-08 1.008991e+01
1.440861e+01 1.780705e+01 2.172248e+00 1.440861e+01 1.780705e+01 2.172248e+00 -4.969639e-08 -4.550221e-07 1.164399e-08 1.192118e+00
1.280411e+01 1.831373e+01 2.115385e+00 1.280411e+01 1.831373e+01 2.115385e+00 -7.930514e-08 -6.036008e-07 1.013944e-09 4.713746e+00
1.344807e+01 1.755439e+01 2.114983e+00 1.344807e+01 1.755439e+01 2.114983e+00 -4.432497e-08 -5.510044e-07 3.290178e-09 2.562783e+00
1.151193e+01 1.709356e+01 2.133467e+00 1.151193e+01 1.709356e+01 2.133467e+00 -5.300948e-08 -6.692173e-07 -1.269063e-08 7.041691e+00
1.248048e+01 1.732022e+01 2.115407e+00 1.248048e+01 1.732022e+01 2.115407e+00 -4.680802e-08 -6.206326e-07 -6.244523e-09 4.682725e+00
1.267901e+01 2.314341e+01 2.172535e+00 1.267901e+01 2.314341e+01 2.172535e+00 -1.903956e-07 -5.827602e-07 -8.232883e-08 1.274558e+00
1.167655e+01 2.179223e+01 2.115353e+00 1.167655e+01 2.179223e+01 2.115353e+00 -1.392905e-07 -6.621238e-07 1.081766e-08 4.814079e+00
1.175268e+01 2.278487e+01 2.115041e+00 1.175268e+01 2.278487e+01 2.115041e+00 -1.544875e-07 -6.553961e-07 -1.605255e-08 2.681227e+00
9.914089e+00 2.202244e+01 2.133352e+00 9.914089e+00 2.202244e+01 2.133352e+00 -1.037304e-07 -7.154250e-07 2.321040e-08 7.208123e+00
1.083155e+01 2.240704e+01 2.115342e+00 1.083155e+01 2.240704e+01 2.115342e+00 -1.256729e-07 -6.938043e-07 1.440933e-08 4.834468e+00
9.912605e+00 2.568081e+01 2.406109e+00 9.912605e+00 2.568081e+01 2.406109e+00 -4.867159e-08 -6.667868e-07 -2.682268e-07 5.078336e-01
1.089585e+01 2.432820e+01 2.168323e+00 1.089585e+01 2.432820e+01 2.168323e+00 -1.160463e-07 -6.869529e-07 -9.515342e-08 1.107115e+00
9.956934e+00 2.478870e+01 2.174927e+00 9.956934e+00 2.478870e+01 2.174927e+00 -7.520288e-08 -7.084537e-07 -1.133924e-07 8.569113e-01
1.169907e+01 2.568231e+01 2.688758e+00 1.169907e+01 2.568231e+01 2.688758e+00 -1.007277e-07 -5.409218e-07 -3.701043e-07 5.006571e-01
9.937835e+00 2.294435e+01 2.104795e+00 9.937835e+00 2.294435e+01 2.104795e+00 -1.040281e-07 -7.150603e-07 1.721097e-08 4.160189e+00
9.956758e+00 2.386833e+01 2.100166e+00 9.956758e+00 2.386833e+01 2.100166e+00 -9.988301e-08 -7.157630e-07 -1.827623e-08 1.969403e+00
1.525163e+01 2.434126e+01 3.808826e+00 1.525163e+01 2.434126e+01 3.808826e+00 -9.304506e-08 -1.016059e-07 -4.582413e-07 5.567901e-01
1.355414e+01 2.526011e+01 3.164897e+00 1.355414e+01 2.526011e+01 3.164897e+00 -1.309166e-07 -3.140849e-07 -4.507323e-07 5.935151e-01
1.431784e+01 2.521457e+01 3.788700e+00 1.431784e+01 2.521457e+01 3.788700e+00 -7.502951e-08 -1.302465e-07 -5.158124e-07 6.187220e-01
1.215766e+01 2.659233e+01 3.809280e+00 1.215766e+01 2.659233e+01 3.809280e+00 -3.053828e-08 -2.054896e-07 -6.072070e-07 5.683574e-01
1.327597e+01 2.597261e+01 3.788855e+00 1.327597e+01 2.597261e+01 3.788855e+00 -5.160091e-08 -1.687766e-07 -5.685105e-07 6.225109e-01
1.365691e+01 1.412961e+01 2.404763e+00 1.365691e+01 1.412961e+01 2.404763e+00 1.582323e-07 -4.590468e-07 1.717886e-07 4.102074e-01
1.365956e+01 1.580195e+01 2.167912e+00 1.365956e+01 1.580195e+01 2.167912e+00 5.210999e-08 -5.156089e-07 3.841313e-08 9.727699e-01
1.316939e+01 1.487832e+01 2.174376e+00 1.316939e+01 1.487832e+01 2.174376e+00 9.603477e-08 -5.381683e-07 6.524815e-08 7.163594e-01
1.207200e+01 1.636089e+01 2.104887e+00 1.207200e+01 1.636089e+01 2.104887e+00 -2.134455e-08 -6.404400e-07 -1.215475e-08 3.964331e+00
1.262936e+01 1.562368e+01 2.100088e+00 1.262936e+01 1.562368e+01 2.100088e+00 2.187635e-08 -6.039314e-07 6.230967e-09 1.787302e+00
1.394204e+01 2.466769e+01 6.186191e+00 1.394204e+01 2.466769e+01 6.186191e+00 2.363385e-07 4.412938e-07 -3.747429e-07 4.865837e-01
1.440083e+01 2.528531e+01 5.158251e+00 1.440083e+01 2.528531e+01 5.158251e+00 1.070296e-07 1.997944e-07 -5.367088e-07 5.437918e-01
1.369767e+01 2.545669e+01 5.747056e+00 1.369767e+01 2.545669e+01 5.747056e+00 1.837105e-07 3.521936e-07 -4.903067e-07 5.031771e-01
1.279733e+01 2.645903e+01 4.484440e+00 1.279733e+01 2.645903e+01 4.484440e+00 3.088855e-08 1.229676e-08 -6.279220e-07 5.968677e-01
1.331802e+01 2.607304e+01 5.158396e+00 1.331802e+01 2.607304e+01 5.158396e+00 1.094921e-07 2.080361e-07 -5.862146e-07 5.469081e-01
8.999888e+00 1.814000e+01 6.807180e+00 8.999888e+00 1.814000e+01 6.807180e+00 9.506115e-08 7.288533e-07 -8.362634e-09 7.437374e+00
5.129624e+00 1.255537e+01 2.813727e+00 5.129624e+00 1.255537e+01 2.813727e+00 -2.315777e-07 -4.629098e-07 4.010205e-07 3.675528e-01
6.568998e+00 1.152186e+01 3.202383e+00 6.568998e+00 1.152186e+01 3.202383e+00 -1.452447e-07 -3.741412e-07 5.196211e-07 3.864871e-01
1.031294e+01 1.073517e+01 4.480589e+00 1.031294e+01 1.073517e+01 4.480589e+00 1.832241e-08 3.586400e-08 6.362670e-07 5.101484e-01
8.351503e+00 1.084943e+01 3.785246e+00 8.351503e+00 1.084943e+01 3.785246e+00 -3.374666e-08 -1.818815e-07 6.185852e-07 5.252368e-01
9.639691e+00 1.084860e+01 3.785289e+00 9.639691e+00 1.084860e+01 3.785289e+00 1.304905e-08 -1.772685e-07 6.046461e-07 5.259562e-01
8.407426e+00 1.190533e+01 2.675156e+00 8.407426e+00 1.190533e+01 2.675156e+00 -7.632752e-08 -5.262683e-07 3.712590e-07 4.612335e-01
8.995894e+00 1.126262e+01 3.161975e+00 8.995894e+00 1.126262e+01 3.161975e+00 -2.199470e-08 -3.747436e-07 5.084054e-07 4.949140e-01
1.286390e+01 1.255032e+01 2.813915e+00 1.286390e+01 1.255032e+01 2.813915e+00 1.549909e-07 -4.137669e-07 3.393590e-07 3.715698e-01
1.142313e+01 1.151871e+01 3.202524e+00 1.142313e+01 1.151871e+01 3.202524e+00 9.772522e-08 -3.463880e-07 4.734192e-07 3.891783e-01
1.184091e+01 1.222702e+01 2.725656e+00 1.184091e+01 1.222702e+01 2.725656e+00 1.375647e-07 -4.570667e-07 3.411794e-07 3.505599e-01
9.585253e+00 1.190455e+01 2.675182e+00 9.585253e+00 1.190455e+01 2.675182e+00 6.608648e-09 -5.171263e-07 3.629066e-07 4.620683e-01
1.074402e+01 1.201230e+01 2.686560e+00 1.074402e+01 1.201230e+01 2.686560e+00 8.848138e-08 -4.930918e-07 3.511326e-07 3.989668e-01
9.004749e+00 2.516489e+01 2.221914e+00 9.004749e+00 2.516489e+01 2.221914e+00 -4.134010e-08 -7.043711e-07 -1.558527e-07 6.605855e-01
5.376422e+00 1.401979e+01 2.221012e+00 5.376422e+00 1.401979e+01 2.221012e+00 -2.464726e-07 -5.936652e-07 1.372671e-07 5.239568e-01
6.908940e+00 1.450764e+01 2.100049e+00 6.908940e+00 1.450764e+01 2.100049e+00 -1.558322e-07 -6.844293e-07 1.889684e-08 1.757779e+00
1.003703e+01 1.602350e+01 2.133492e+00 1.003703e+01 1.602350e+01 2.133492e+00 -6.117015e-08 -7.030686e-07 -2.023861e-08 7.003359e+00
8.476144e+00 1.517374e+01 2.115435e+00 8.476144e+00 1.517374e+01 2.115435e+00 -9.715874e-08 -7.083712e-07 -1.482844e-08 4.616266e+00
9.520950e+00 1.517307e+01 2.115432e+00 9.520950e+00 1.517307e+01 2.115432e+00 -6.378886e-08 -7.035848e-07 -1.385648e-08 4.619613e+00
8.459610e+00 1.349117e+01 2.171988e+00 8.459610e+00 1.349117e+01 2.171988e+00 -9.649217e-08 -6.786383e-07 9.636035e-08 1.126495e+00
8.997985e+00 1.432591e+01 2.114939e+00 8.997985e+00 1.432591e+01 2.114939e+00 -7.200260e-08 -7.002873e-07 1.772075e-08 2.491166e+00
1.261908e+01 1.401506e+01 2.221086e+00 1.261908e+01 1.401506e+01 2.221086e+00 1.277220e-07 -5.444980e-07 1.133553e-07 5.326679e-01
1.108727e+01 1.450493e+01 2.100052e+00 1.108727e+01 1.450493e+01 2.100052e+00 7.986880e-09 -6.621039e-07 1.816926e-08 1.767761e+00
1.162781e+01 1.375996e+01 2.174284e+00 1.162781e+01 1.375996e+01 2.174284e+00 9.204254e-08 -5.978088e-07 9.512190e-08 7.041485e-01
9.535235e+00 1.349047e+01 2.171993e+00 9.535235e+00 1.349047e+01 2.171993e+00 -2.540210e-08 -6.707045e-07 9.479693e-08 1.128359e+00
1.059783e+01 1.358079e+01 2.167747e+00 1.059783e+01 1.358079e+01 2.167747e+00 3.959517e-08 -6.431793e-07 9.227153e-08 9.452057e-01
5.382366e+00 2.398654e+01 6.778914e+00 5.382366e+00 2.398654e+01 6.778914e+00 -1.277427e-07 5.446369e-07 -1.133564e-07 4.888410e-01
6.914176e+00 2.349667e+01 6.899948e+00 6.914176e+00 2.349667e+01 6.899948e+00 -8.005313e-09 6.622399e-07 -1.817049e-08 1.065866e+00
1.004026e+01 2.197676e+01 6.866501e+00 1.004026e+01 2.197676e+01 6.866501e+00 1.121865e-07 7.103943e-07 2.255664e-08 4.159990e+00
8.480495e+00 2.282853e+01 6.884568e+00 8.480495e+00 2.282853e+01 6.884568e+00 6.377249e-08 7.037227e-07 1.385434e-08 2.715449e+00
9.525302e+00 2.282785e+01 6.884565e+00 9.525302e+00 2.282785e+01 6.884565e+00 9.714322e-08 7.085093e-07 1.482632e-08 2.704865e+00
8.466211e+00 2.451113e+01 6.828007e+00 8.466211e+00 2.451113e+01 6.828007e+00 2.538545e-08 6.708406e-07 -9.480003e-08 7.098671e-01
9.003461e+00 2.367569e+01 6.885061e+00 9.003461e+00 2.367569e+01 6.885061e+00 7.198661e-08 7.004227e-07 -1.772250e-08 1.462770e+00
1.262502e+01 2.398180e+01 6.778988e+00 1.262502e+01 2.398180e+01 6.778988e+00 2.464615e-07 5.938053e-07 -1.372675e-07 4.899524e-01
1.109251e+01 2.349396e+01 6.899951e+00 1.109251e+01 2.349396e+01 6.899951e+00 1.558179e-07 6.845680e-07 -1.889831e-08 1.049751e+00
1.163407e+01 2.423819e+01 6.825754e+00 1.163407e+01 2.423819e+01 6.825754e+00 2.135651e-07 6.362639e-07 -1.074586e-07 5.292500e-01
9.541835e+00 2.451042e+01 6.828012e+00 9.541835e+00 2.451042e+01 6.828012e+00 9.647757e-08 6.787730e-07 -9.636280e-08 7.075593e-01
1.060432e+01 2.441871e+01 6.832270e+00 1.060432e+01 2.441871e+01 6.832270e+00 1.616388e-07 6.669121e-07 -9.780620e-08 6.188735e-01
5.137550e+00 2.545127e+01 6.186085e+00 5.137550e+00 2.545127e+01 6.186085e+00 -1.550127e-07 4.138993e-07 -3.393651e-07 4.886612e-01
6.578319e+00 2.648289e+01 5.797476e+00 6.578319e+00 2.648289e+01 5.797476e+00 -9.774714e-08 3.465127e-07 -4.734199e-07 4.594467e-01
1.032339e+01 2.726475e+01 4.519498e+00 1.032339e+01 2.726475e+01 4.519498e+00 1.931155e-08 -3.356918e-08 -6.646639e-07 5.681026e-01
8.361755e+00 2.715300e+01 5.214711e+00 8.361755e+00 2.715300e+01 5.214711e+00 -1.306730e-08 1.773907e-07 -6.046515e-07 5.767092e-01
9.649943e+00 2.715217e+01 5.214754e+00 9.649943e+00 2.715217e+01 5.214754e+00 3.373314e-08 1.820026e-07 -6.185829e-07 5.774402e-01
8.416192e+00 2.609704e+01 6.324818e+00 8.416192e+00 2.609704e+01 6.324818e+00 -6.625901e-09 5.172487e-07 -3.629050e-07 4.447884e-01
9.005552e+00 2.673898e+01 5.838025e+00 9.005552e+00 2.673898e+01 5.838025e+00 2.198023e-08 3.748732e-07 -5.084118e-07 5.215563e-01
1.287182e+01 2.544623e+01 6.186273e+00 1.287182e+01 2.544623e+01 6.186273e+00 2.315698e-07 4.630436e-07 -4.010260e-07 4.936391e-01
1.143245e+01 2.647973e+01 5.797617e+00 1.143245e+01 2.647973e+01 5.797617e+00 1.452359e-07 3.742678e-07 -5.196230e-07 4.613988e-01
1.184926e+01 2.577085e+01 6.274477e+00 1.184926e+01 2.577085e+01 6.274477e+00 2.105933e-07 4.990562e-07 -3.848829e-07 4.222741e-01
9.594020e+00 2.609627e+01 6.324844e+00 9.594020e+00 2.609627e+01 6.324844e+00 7.631254e-08 5.263884e-07 -3.712564e-07 4.449190e-01
1.075265e+01 2.598700e+01 6.313518e+00 1.075265e+01 2.598700e+01 6.313518e+00 1.589491e-07 5.202222e-07 -3.767306e-07 4.160288e-01
1.218785e+01 1.306385e+01 2.404636e+00 1.218785e+01 1.306385e+01 2.404636e+00 1.601250e-07 -5.089309e-07 2.129719e-07 4.022700e-01
1.219508e+01 2.493355e+01 6.595470e+00 1.219508e+01 2.493355e+01 6.595470e+00 2.537204e-07 5.606657e-07 -2.472970e-07 4.537296e-01
