1 0 3 2 642
3.574026e+02 3.603615e+02 1.509972e-01 8.376456e-02
3.402044e+00 1.855920e+01 5.099073e+00 3.402044e+00 1.855920e+01 5.099073e+00 8.147435e-05 1.862840e-04 4.300637e-06 2.437270e+00
1.410473e+01 1.796130e+01 5.105522e+00 1.410473e+01 1.796130e+01 5.105522e+00 6.241705e-05 -1.994505e-04 -4.414788e-06 2.584687e+00
3.620553e+00 2.202478e+01 2.343581e+00 3.620553e+00 2.202478e+01 2.343581e+00 1.748328e-04 1.831149e-04 -3.949518e-05 2.013488e+00
1.433781e+01 2.143013e+01 2.352414e+00 1.433781e+01 2.143013e+01 2.352414e+00 1.229265e-04 -1.939355e-04 -4.629714e-05 2.069858e+00
8.547218e+00 1.437543e+01 5.103467e+00 8.547218e+00 1.437543e+01 5.103467e+00 -7.965800e-05 -2.267565e-06 -1.281100e-06 2.357884e+00
8.881841e+00 1.997681e+01 2.679964e+00 8.881841e+00 1.997681e+01 2.679964e+00 8.301412e-05 -1.727623e-06 -3.269868e-07 1.769637e+00
8.850025e+00 2.000449e+01 4.638869e+00 8.850025e+00 2.000449e+01 4.638869e+00 1.345445e-04 -1.416293e-05 -1.186296e-06 2.793425e+00
9.186756e+00 2.561946e+01 2.354259e+00 9.186756e+00 2.561946e+01 2.354259e+00 3.081788e-04 -2.939262e-05 2.611947e-06 1.815424e+00
5.295339e+00 1.561256e+01 2.356379e+00 5.295339e+00 1.561256e+01 2.356379e+00 -6.961765e-05 9.651074e-05 8.794528e-06 2.534144e+00
5.800540e+00 2.474487e+01 5.097108e+00 5.800540e+00 2.474487e+01 5.097108e+00 2.935206e-04 8.787432e-05 2.783934e-06 2.823987e+00
1.193826e+01 1.522994e+01 2.356484e+00 1.193826e+01 1.522994e+01 2.356484e+00 -9.531405e-05 -1.248903e-04 3.724150e-04 2.370739e+00
1.242631e+01 2.436191e+01 5.101541e+00 1.242631e+01 2.436191e+01 5.101541e+00 2.799821e-04 -1.326368e-04 -1.857613e-06 2.790442e+00
1.942813e+00 2.038038e+01 3.706669e+00 1.942813e+00 2.038038e+01 3.706669e+00 1.219246e-04 2.368992e-04 2.120588e-05 2.898059e+00
5.647443e+00 1.606528e+01 5.096873e+00 5.647443e+00 1.606528e+01 5.096873e+00 -1.140783e-05 1.055173e-04 1.376735e-06 2.441819e+00
6.145350e+00 1.928793e+01 4.970559e+00 6.145350e+00 1.928793e+01 4.970559e+00 1.083110e-04 8.284722e-05 -2.525663e-06 2.505524e+00
3.031686e+00 1.624408e+01 3.721262e+00 3.031686e+00 1.624408e+01 3.721262e+00 -2.167707e-05 1.941467e-04 1.570126e-05 3.065836e+00
4.118764e+00 2.183804e+01 5.094018e+00 4.118764e+00 2.183804e+01 5.094018e+00 1.959358e-04 1.520381e-04 2.386801e-06 2.628055e+00
1.578879e+01 1.960355e+01 3.738608e+00 1.578879e+01 1.960355e+01 3.738608e+00 9.536428e-05 -2.538999e-04 -2.357928e-05 3.191201e+00
1.160291e+01 1.573671e+01 5.098452e+00 1.160291e+01 1.573671e+01 5.098452e+00 -2.170888e-05 -1.139318e-04 -1.249914e-06 2.468039e+00
1.145868e+01 1.899061e+01 4.965812e+00 1.145868e+01 1.899061e+01 4.965812e+00 9.806419e-05 -1.060321e-04 2.837176e-06 2.610369e+00
1.423973e+01 1.560997e+01 3.742772e+00 1.423973e+01 1.560997e+01 3.742772e+00 -4.192505e-05 -1.945546e-04 -1.903917e-05 2.291774e+00
1.376127e+01 2.129229e+01 5.098308e+00 1.376127e+01 2.129229e+01 5.098308e+00 1.764190e-04 -1.826307e-04 -2.007417e-06 2.738697e+00
6.268388e+00 2.099332e+01 2.435143e+00 6.268388e+00 2.099332e+01 2.435143e+00 1.177980e-04 8.834057e-05 -1.483920e-05 1.826079e+00
6.129170e+00 2.424981e+01 2.345869e+00 6.129170e+00 2.424981e+01 2.345869e+00 2.295194e-04 1.028995e-04 -1.554017e-04 1.886079e+00
3.961403e+00 1.869260e+01 2.343341e+00 3.961403e+00 1.869260e+01 2.343341e+00 2.216682e-05 2.280045e-04 2.923813e-04 2.192859e+00
3.497061e+00 2.437620e+01 3.703697e+00 3.497061e+00 2.437620e+01 3.703697e+00 2.633540e-04 1.803513e-04 1.798891e-05 2.924195e+00
1.159237e+01 2.069642e+01 2.430678e+00 1.159237e+01 2.069642e+01 2.430678e+00 1.090745e-04 -1.004758e-04 -8.198247e-07 1.868984e+00
1.208931e+01 2.392054e+01 2.347016e+00 1.208931e+01 2.392054e+01 2.347016e+00 2.197942e-04 -1.345881e-04 -1.535625e-04 1.863884e+00
1.361675e+01 1.814418e+01 2.348969e+00 1.361675e+01 1.814418e+01 2.348969e+00 7.828907e-06 -1.813657e-04 3.802908e-05 2.204844e+00
1.469446e+01 2.374637e+01 3.729142e+00 1.469446e+01 2.374637e+01 3.729142e+00 2.444787e-04 -2.164995e-04 -1.379398e-05 2.194778e+00
8.695432e+00 1.721021e+01 4.967087e+00 8.695432e+00 1.721021e+01 4.967087e+00 3.412054e-05 -8.274399e-06 6.816448e-07 2.431198e+00
6.359594e+00 1.352818e+01 3.730542e+00 6.359594e+00 1.352818e+01 3.730542e+00 -1.156198e-04 8.074043e-05 1.119774e-06 3.225124e+00
1.063389e+01 1.328860e+01 3.735152e+00 1.063389e+01 1.328860e+01 3.735152e+00 -1.234953e-04 -6.956070e-05 -1.031869e-05 3.391836e+00
9.036888e+00 2.277817e+01 2.434238e+00 9.036888e+00 2.277817e+01 2.434238e+00 1.883332e-04 -7.015716e-06 -9.996228e-06 1.708492e+00
7.104763e+00 1.780564e+01 2.431423e+00 7.104763e+00 1.780564e+01 2.431423e+00 9.907207e-06 6.508705e-05 -1.926490e-05 2.097508e+00
1.040103e+01 1.761985e+01 2.429702e+00 1.040103e+01 1.761985e+01 2.429702e+00 2.757247e-06 -5.249311e-05 3.977501e-06 2.153967e+00
7.336121e+00 2.235757e+01 4.971683e+00 7.336121e+00 2.235757e+01 4.971683e+00 2.149013e-04 3.814410e-05 -2.640421e-06 2.751831e+00
1.062174e+01 2.217057e+01 4.968724e+00 1.062174e+01 2.217057e+01 4.968724e+00 2.082955e-04 -7.481037e-05 4.265883e-07 2.848742e+00
7.091857e+00 2.669350e+01 3.709934e+00 7.091857e+00 2.669350e+01 3.709934e+00 3.560595e-04 5.414071e-05 1.082428e-05 2.974237e+00
1.137938e+01 2.645264e+01 3.718903e+00 1.137938e+01 2.645264e+01 3.718903e+00 3.411993e-04 -9.821362e-05 3.667658e-08 3.167433e+00
8.587132e+00 1.490785e+01 2.343335e+00 8.587132e+00 1.490785e+01 2.343335e+00 -7.734942e-05 8.190577e-06 -1.509044e-05 2.639500e+00
9.143114e+00 2.507130e+01 5.095031e+00 9.143114e+00 2.507130e+01 5.095031e+00 3.028959e-04 -2.481748e-05 1.830706e-06 3.040938e+00
2.346548e+00 1.940545e+01 4.663158e+00 2.346548e+00 1.940545e+01 4.663158e+00 1.043753e-04 2.212275e-04 1.350249e-05 2.738658e+00
4.374813e+00 1.727695e+01 5.126181e+00 4.374813e+00 1.727695e+01 5.126181e+00 3.527222e-05 1.517404e-04 2.402875e-06 2.449786e+00
4.769509e+00 1.892213e+01 5.159463e+00 4.769509e+00 1.892213e+01 5.159463e+00 9.561963e-05 1.346042e-04 -1.673232e-06 2.462989e+00
2.902160e+00 1.730050e+01 4.667475e+00 2.902160e+00 1.730050e+01 4.667475e+00 3.022090e-05 2.026041e-04 1.336230e-05 2.753579e+00
3.613984e+00 2.015463e+01 5.124656e+00 3.613984e+00 2.015463e+01 5.124656e+00 1.382487e-04 1.752676e-04 2.370290e-06 2.503143e+00
1.525592e+01 1.868160e+01 4.684332e+00 1.525592e+01 1.868160e+01 4.684332e+00 8.046255e-05 -2.363822e-04 -1.528830e-05 2.875057e+00
1.299603e+01 1.679775e+01 5.128922e+00 1.299603e+01 1.679775e+01 5.128922e+00 2.084121e-05 -1.620611e-04 -1.767056e-06 2.536243e+00
1.278544e+01 1.847446e+01 5.156340e+00 1.278544e+01 1.847446e+01 5.156340e+00 8.059970e-05 -1.533255e-04 2.564989e-06 2.635113e+00
1.446781e+01 1.665226e+01 4.685898e+00 1.446781e+01 1.665226e+01 4.685898e+00 9.760326e-06 -2.094272e-04 -1.433066e-05 2.433113e+00
1.407232e+01 1.956827e+01 5.128590e+00 1.407232e+01 1.956827e+01 5.128590e+00 1.184855e-04 -1.961748e-04 -2.177873e-06 2.644573e+00
4.937475e+00 2.150738e+01 2.298443e+00 4.937475e+00 2.150738e+01 2.298443e+00 1.371924e-04 1.180991e-04 1.414981e-04 1.931560e+00
4.728683e+00 2.318870e+01 2.321614e+00 4.728683e+00 2.318870e+01 2.321614e+00 2.390189e-04 1.367119e-04 -1.053352e-04 1.956144e+00
3.652743e+00 2.041838e+01 2.313041e+00 3.652743e+00 2.041838e+01 2.313041e+00 9.317406e-05 1.797606e-04 -1.072630e-05 2.075999e+00
3.258992e+00 2.333466e+01 2.762027e+00 3.258992e+00 2.333466e+01 2.762027e+00 2.087428e-04 1.958749e-04 1.397783e-05 2.453246e+00
1.297118e+01 2.106300e+01 2.295041e+00 1.297118e+01 2.106300e+01 2.295041e+00 9.015925e-05 -2.000704e-04 6.577357e-04 2.007632e+00
1.336267e+01 2.271018e+01 2.323615e+00 1.336267e+01 2.271018e+01 2.323615e+00 2.186887e-04 -1.699160e-04 -1.798297e-05 1.960280e+00
1.413057e+01 1.983264e+01 2.324711e+00 1.413057e+01 1.983264e+01 2.324711e+00 7.138751e-05 -1.664931e-04 -3.978595e-05 2.080378e+00
1.483319e+01 2.269196e+01 2.781539e+00 1.483319e+01 2.269196e+01 2.781539e+00 1.902807e-04 -2.239264e-04 -1.254044e-05 2.125253e+00
8.619358e+00 1.578876e+01 5.157210e+00 8.619358e+00 1.578876e+01 5.157210e+00 -2.102344e-05 -5.366575e-06 6.573547e-07 2.392932e+00
7.417250e+00 1.362592e+01 4.678080e+00 7.417250e+00 1.362592e+01 4.678080e+00 -1.082922e-04 4.116859e-05 -2.174484e-06 2.748896e+00
9.589510e+00 1.350638e+01 4.679073e+00 9.589510e+00 1.350638e+01 4.679073e+00 -1.120985e-04 -3.882678e-05 -5.275988e-06 2.792168e+00
8.959020e+00 2.136225e+01 2.603418e+00 8.959020e+00 2.136225e+01 2.603418e+00 1.342837e-04 -4.557779e-06 -7.905564e-07 1.684235e+00
8.004034e+00 1.890224e+01 2.602261e+00 8.004034e+00 1.890224e+01 2.602261e+00 4.627014e-05 2.870287e-05 -3.436030e-06 1.876166e+00
9.632921e+00 1.881081e+01 2.600523e+00 9.632921e+00 1.881081e+01 2.600523e+00 4.303554e-05 -2.802843e-05 2.633641e-06 1.896442e+00
8.099803e+00 2.117047e+01 4.743292e+00 8.099803e+00 2.117047e+01 4.743292e+00 1.746225e-04 1.196162e-05 -2.632128e-06 2.764963e+00
9.727459e+00 2.107826e+01 4.741132e+00 9.727459e+00 2.107826e+01 4.741132e+00 1.714212e-04 -4.451266e-05 -3.508766e-07 2.803577e+00
8.135944e+00 2.648196e+01 2.765391e+00 8.135944e+00 2.648196e+01 2.765391e+00 3.443504e-04 2.229110e-05 3.395134e-06 2.293878e+00
1.032148e+01 2.636309e+01 2.772678e+00 1.032148e+01 2.636309e+01 2.772678e+00 3.311628e-04 -5.630629e-05 5.421462e-06 2.337327e+00
6.835901e+00 1.514649e+01 2.324749e+00 6.835901e+00 1.514649e+01 2.324749e+00 -6.213941e-05 6.524942e-05 -3.511343e-05 2.566165e+00
7.385004e+00 2.503505e+01 5.124971e+00 7.385004e+00 2.503505e+01 5.124971e+00 3.020100e-04 3.252748e-05 2.026218e-06 2.925550e+00
2.468970e+00 2.130297e+01 2.758045e+00 2.468970e+00 2.130297e+01 2.758045e+00 1.363136e-04 2.227625e-04 2.077233e-05 2.499370e+00
2.661528e+00 2.133373e+01 4.668726e+00 2.661528e+00 2.133373e+01 4.668726e+00 1.713651e-04 2.071531e-04 1.385198e-05 2.797773e+00
2.425280e+00 2.248928e+01 3.686007e+00 2.425280e+00 2.248928e+01 3.686007e+00 1.940294e-04 2.195314e-04 2.229050e-05 2.890129e+00
2.183415e+00 1.823393e+01 3.730299e+00 2.183415e+00 1.823393e+01 3.730299e+00 4.858613e-05 2.241737e-04 1.968963e-05 2.938153e+00
2.565351e+00 1.935490e+01 2.751910e+00 2.565351e+00 1.935490e+01 2.751910e+00 6.469237e-05 2.100918e-04 6.022543e-06 2.568176e+00
7.093608e+00 1.506761e+01 5.127277e+00 7.093608e+00 1.506761e+01 5.127277e+00 -5.178440e-05 5.215039e-05 7.618450e-08 2.383975e+00
4.131697e+00 1.577612e+01 4.679521e+00 4.131697e+00 1.577612e+01 4.679521e+00 -2.693133e-05 1.603943e-04 9.046203e-06 2.800320e+00
5.676764e+00 1.451897e+01 4.682697e+00 5.676764e+00 1.451897e+01 4.682697e+00 -7.537012e-05 1.051041e-04 3.047451e-06 2.791674e+00
5.871452e+00 1.767586e+01 5.091967e+00 5.871452e+00 1.767586e+01 5.091967e+00 5.063165e-05 9.515351e-05 -1.071473e-06 2.438297e+00
7.175295e+00 1.661518e+01 5.090773e+00 7.175295e+00 1.661518e+01 5.090773e+00 1.077623e-05 4.769893e-05 -4.957473e-08 2.404924e+00
7.509649e+00 1.964985e+01 4.742502e+00 7.509649e+00 1.964985e+01 4.742502e+00 1.217107e-04 3.356154e-05 -2.496438e-06 2.649465e+00
7.326190e+00 1.813372e+01 4.902430e+00 7.326190e+00 1.813372e+01 4.902430e+00 6.761505e-05 4.080549e-05 -1.163005e-06 2.465822e+00
5.111190e+00 2.055213e+01 5.092998e+00 5.111190e+00 2.055213e+01 5.092998e+00 1.528328e-04 1.190086e-04 -2.141599e-06 2.566130e+00
6.601777e+00 2.087685e+01 4.905066e+00 6.601777e+00 2.087685e+01 4.905066e+00 1.640267e-04 6.503245e-05 -3.116522e-06 2.625141e+00
3.940400e+00 1.568524e+01 2.778575e+00 3.940400e+00 1.568524e+01 2.778575e+00 -5.181630e-05 1.594338e-04 6.619443e-06 2.932075e+00
3.068080e+00 1.743503e+01 2.759535e+00 3.068080e+00 1.743503e+01 2.759535e+00 7.174780e-06 1.892710e-04 1.071010e-05 2.723931e+00
4.495040e+00 1.464061e+01 3.709303e+00 4.495040e+00 1.464061e+01 3.709303e+00 -7.884427e-05 1.450660e-04 8.829809e-06 3.187241e+00
4.879542e+00 2.342324e+01 5.123464e+00 4.879542e+00 2.342324e+01 5.123464e+00 2.491400e-04 1.208239e-04 2.019606e-06 2.743810e+00
5.719048e+00 2.212114e+01 5.093298e+00 5.719048e+00 2.212114e+01 5.093298e+00 2.066838e-04 9.436684e-05 -2.238066e-06 2.691196e+00
3.380617e+00 2.318955e+01 4.666140e+00 3.380617e+00 2.318955e+01 4.666140e+00 2.348779e-04 1.781523e-04 1.314784e-05 2.895235e+00
1.539385e+01 2.058391e+01 2.784752e+00 1.539385e+01 2.058391e+01 2.784752e+00 1.120561e-04 -2.402261e-04 -1.694492e-05 2.540887e+00
1.530550e+01 1.749350e+01 3.759763e+00 1.530550e+01 1.749350e+01 3.759763e+00 2.402940e-05 -2.328864e-04 -2.215965e-05 2.460453e+00
1.507506e+01 1.864840e+01 2.775692e+00 1.507506e+01 1.864840e+01 2.775692e+00 4.709012e-05 -2.233323e-04 -2.115429e-05 2.612921e+00
1.516077e+01 2.063108e+01 4.689157e+00 1.516077e+01 2.063108e+01 4.689157e+00 1.478564e-04 -2.315085e-04 -1.388630e-05 2.923553e+00
1.554813e+01 2.175569e+01 3.717097e+00 1.554813e+01 2.175569e+01 3.717097e+00 1.707580e-04 -2.454608e-04 -2.089851e-05 2.401000e+00
1.006295e+01 1.490502e+01 5.127802e+00 1.006295e+01 1.490502e+01 5.127802e+00 -5.714683e-05 -5.878098e-05 -9.133157e-07 2.410728e+00
1.155287e+01 1.736047e+01 5.089147e+00 1.155287e+01 1.736047e+01 5.089147e+00 4.023754e-05 -1.109170e-04 2.404390e-06 2.527749e+00
1.014276e+01 1.645135e+01 5.089592e+00 1.014276e+01 1.645135e+01 5.089592e+00 5.349690e-06 -6.089138e-05 1.476267e-06 2.439244e+00
1.308141e+01 1.527758e+01 4.691596e+00 1.308141e+01 1.527758e+01 4.691596e+00 -4.203266e-05 -1.628886e-04 -1.124630e-05 2.688111e+00
1.141365e+01 1.420194e+01 4.688512e+00 1.141365e+01 1.420194e+01 4.688512e+00 -8.499081e-05 -1.049014e-04 -7.811710e-06 2.862848e+00
1.014271e+01 1.950223e+01 4.739036e+00 1.014271e+01 1.950223e+01 4.739036e+00 1.165385e-04 -5.966858e-05 1.241440e-06 2.698355e+00
1.262828e+01 2.012910e+01 5.089614e+00 1.262828e+01 2.012910e+01 5.089614e+00 1.377146e-04 -1.456671e-04 2.211199e-06 2.697753e+00
1.118333e+01 2.061831e+01 4.900648e+00 1.118333e+01 2.061831e+01 4.900648e+00 1.545449e-04 -9.529587e-05 1.757860e-06 2.703573e+00
1.015720e+01 1.797608e+01 4.899708e+00 1.015720e+01 1.797608e+01 4.899708e+00 6.237302e-05 -6.051771e-05 1.911301e-06 2.505452e+00
1.328846e+01 1.515013e+01 2.789426e+00 1.328846e+01 1.515013e+01 2.789426e+00 -6.996917e-05 -1.515424e-04 -9.308151e-06 2.810616e+00
1.260933e+01 1.418279e+01 3.721881e+00 1.260933e+01 1.418279e+01 3.721881e+00 -9.330083e-05 -1.378526e-04 -1.485147e-05 3.281140e+00
1.435565e+01 1.679303e+01 2.777096e+00 1.435565e+01 1.679303e+01 2.777096e+00 -1.702789e-05 -1.911730e-04 -9.767347e-06 2.335575e+00
1.318710e+01 2.294717e+01 5.127526e+00 1.318710e+01 2.294717e+01 5.127526e+00 2.320055e-04 -1.604090e-04 -1.387477e-06 2.883826e+00
1.465682e+01 2.255056e+01 4.685698e+00 1.465682e+01 2.255056e+01 4.685698e+00 2.130387e-04 -2.123447e-04 -1.056785e-05 2.563878e+00
1.220193e+01 2.175279e+01 5.090673e+00 1.220193e+01 2.175279e+01 5.090673e+00 1.930470e-04 -1.288923e-04 1.338604e-06 2.826991e+00
7.589043e+00 2.047927e+01 2.604275e+00 7.589043e+00 2.047927e+01 2.604275e+00 1.010235e-04 4.350733e-05 -3.684282e-06 1.746164e+00
6.175160e+00 2.262562e+01 2.342775e+00 6.175160e+00 2.262562e+01 2.342775e+00 2.542275e-04 7.207466e-05 3.978409e-04 1.838476e+00
7.573334e+00 2.200846e+01 2.482056e+00 7.573334e+00 2.200846e+01 2.482056e+00 1.574439e-04 4.416739e-05 -2.555060e-06 1.706634e+00
5.098203e+00 1.985329e+01 2.340927e+00 5.098203e+00 1.985329e+01 2.340927e+00 8.368707e-05 1.140704e-04 2.983139e-05 2.013175e+00
6.545388e+00 1.936187e+01 2.482051e+00 6.545388e+00 1.936187e+01 2.482051e+00 6.185786e-05 7.895816e-05 -4.499121e-06 1.903610e+00
7.669672e+00 2.508192e+01 2.315617e+00 7.669672e+00 2.508192e+01 2.315617e+00 2.815305e-04 4.509885e-05 -1.015755e-05 1.819725e+00
4.651481e+00 2.470876e+01 2.751777e+00 4.651481e+00 2.470876e+01 2.751777e+00 2.671363e-04 1.469215e-04 1.199880e-05 2.399771e+00
6.316705e+00 2.578325e+01 2.752844e+00 6.316705e+00 2.578325e+01 2.752844e+00 3.104464e-04 8.935455e-05 1.212039e-05 2.337180e+00
7.587844e+00 2.353763e+01 2.337465e+00 7.587844e+00 2.353763e+01 2.337465e+00 2.107264e-04 4.179075e-05 4.314847e-06 1.786648e+00
4.537273e+00 1.703150e+01 2.323174e+00 4.537273e+00 1.703150e+01 2.323174e+00 -1.827058e-06 1.453871e-04 1.870873e-05 2.363836e+00
5.520384e+00 1.822690e+01 2.339596e+00 5.520384e+00 1.822690e+01 2.339596e+00 2.730490e-05 1.174802e-04 3.136468e-06 2.148637e+00
4.451291e+00 2.483014e+01 4.658446e+00 4.451291e+00 2.483014e+01 4.658446e+00 2.920312e-04 1.376366e-04 1.167778e-05 3.003952e+00
5.124964e+00 2.579984e+01 3.723674e+00 5.124964e+00 2.579984e+01 3.723674e+00 3.185408e-04 1.220953e-04 1.598406e-05 2.967282e+00
1.022255e+01 2.033250e+01 2.601291e+00 1.022255e+01 2.033250e+01 2.601291e+00 9.627505e-05 -4.985274e-05 3.669487e-06 1.766802e+00
1.263032e+01 1.943251e+01 2.337420e+00 1.263032e+01 1.943251e+01 2.337420e+00 4.870223e-05 -1.429091e-04 1.673723e-05 2.046257e+00
1.113440e+01 1.910519e+01 2.478473e+00 1.113440e+01 1.910519e+01 2.478473e+00 5.436399e-05 -8.324549e-05 1.033752e-05 1.929328e+00
1.186458e+01 2.230984e+01 2.340946e+00 1.186458e+01 2.230984e+01 2.340946e+00 1.647326e-04 -1.267735e-04 9.018758e-05 1.863444e+00
1.040745e+01 2.185114e+01 2.480309e+00 1.040745e+01 2.185114e+01 2.480309e+00 1.532403e-04 -5.688816e-05 4.527694e-06 1.717689e+00
1.063724e+01 2.492100e+01 2.324618e+00 1.063724e+01 2.492100e+01 2.324618e+00 2.662562e-04 -6.313896e-05 4.900509e-05 1.821437e+00
1.055885e+01 2.337387e+01 2.339287e+00 1.055885e+01 2.337387e+01 2.339287e+00 2.148763e-04 -6.546816e-05 -1.176897e-05 1.792764e+00
1.360029e+01 2.421258e+01 2.766027e+00 1.360029e+01 2.421258e+01 2.766027e+00 2.501943e-04 -1.807422e-04 6.581986e-07 2.261927e+00
1.205776e+01 2.546555e+01 2.761254e+00 1.205776e+01 2.546555e+01 2.761254e+00 3.031569e-04 -1.221889e-04 1.418648e-06 2.373863e+00
1.285648e+01 1.655551e+01 2.328852e+00 1.285648e+01 1.655551e+01 2.328852e+00 -1.954823e-05 -1.329425e-04 -5.122070e-05 2.416688e+00
1.201930e+01 1.785830e+01 2.340803e+00 1.201930e+01 1.785830e+01 2.340803e+00 1.268878e-05 -7.905003e-05 -2.301495e-04 2.204532e+00
1.378106e+01 2.429668e+01 4.674110e+00 1.378106e+01 2.429668e+01 4.674110e+00 2.746427e-04 -1.824610e-04 -6.415194e-06 2.980965e+00
1.323388e+01 2.534339e+01 3.740937e+00 1.323388e+01 2.534339e+01 3.740937e+00 3.047471e-04 -1.649271e-04 -4.712073e-06 3.083222e+00
8.772839e+00 1.861985e+01 4.739915e+00 8.772839e+00 1.861985e+01 4.739915e+00 8.556056e-05 -1.131611e-05 -1.361620e-07 2.610468e+00
5.631952e+00 1.430043e+01 2.782842e+00 5.631952e+00 1.430043e+01 2.782842e+00 -9.575983e-05 1.034844e-04 4.114483e-06 3.054127e+00
8.478605e+00 1.309647e+01 3.748931e+00 8.478605e+00 1.309647e+01 3.748931e+00 -1.284634e-04 6.167209e-06 -5.358960e-06 3.263938e+00
7.523308e+00 1.379108e+01 2.767625e+00 7.523308e+00 1.379108e+01 2.767625e+00 -1.095123e-04 4.212729e-05 1.561210e-06 3.130504e+00
1.145029e+01 1.396683e+01 2.786376e+00 1.145029e+01 1.396683e+01 2.786376e+00 -1.074914e-04 -8.952652e-05 -9.164740e-06 3.161937e+00
9.510914e+00 1.367589e+01 2.768658e+00 9.510914e+00 1.367589e+01 2.768658e+00 -1.134369e-04 -2.147666e-05 5.640378e-07 3.254319e+00
9.121440e+00 2.420445e+01 2.300390e+00 9.121440e+00 2.420445e+01 2.300390e+00 2.646085e-04 -2.000253e-05 4.245922e-05 1.796069e+00
6.204831e+00 1.669685e+01 2.293056e+00 6.204831e+00 1.669685e+01 2.293056e+00 -8.214383e-05 -6.685446e-06 -1.494439e-04 2.307362e+00
8.744365e+00 1.756511e+01 2.478967e+00 8.744365e+00 1.756511e+01 2.478967e+00 2.144797e-07 4.040101e-06 6.792583e-06 2.070391e+00
7.825201e+00 1.634070e+01 2.339395e+00 7.825201e+00 1.634070e+01 2.339395e+00 -4.526585e-05 5.652634e-05 5.042370e-05 2.334306e+00
1.118548e+01 1.642664e+01 2.293564e+00 1.118548e+01 1.642664e+01 2.293564e+00 5.789811e-06 -6.895920e-05 1.951351e-04 2.345863e+00
9.514660e+00 1.624462e+01 2.337589e+00 9.514660e+00 1.624462e+01 2.337589e+00 -4.391998e-05 -2.598430e-05 1.484789e-05 2.363953e+00
6.565805e+00 2.355501e+01 5.160097e+00 6.565805e+00 2.355501e+01 5.160097e+00 2.548314e-04 6.317010e-05 -1.687254e-06 2.791851e+00
8.987428e+00 2.241295e+01 4.904041e+00 8.987428e+00 2.241295e+01 4.904041e+00 2.169334e-04 -1.898209e-05 -1.334782e-06 2.797307e+00
8.221560e+00 2.373179e+01 5.093034e+00 8.221560e+00 2.373179e+01 5.093034e+00 2.603606e-04 6.344668e-06 -8.944330e-07 2.880380e+00
1.152512e+01 2.327089e+01 5.158245e+00 1.152512e+01 2.327089e+01 5.158245e+00 2.451878e-04 -1.041592e-04 4.921174e-07 2.916572e+00
9.900905e+00 2.363543e+01 5.091893e+00 9.900905e+00 2.363543e+01 5.091893e+00 2.571409e-04 -4.979799e-05 -4.148208e-08 2.932286e+00
6.283323e+00 2.600898e+01 4.661650e+00 6.283323e+00 2.600898e+01 4.661650e+00 3.354624e-04 7.438365e-05 8.803848e-06 3.094493e+00
9.251068e+00 2.688811e+01 3.693592e+00 9.251068e+00 2.688811e+01 3.693592e+00 3.571515e-04 -2.249064e-05 9.838095e-06 3.008704e+00
8.218809e+00 2.630406e+01 4.671460e+00 8.218809e+00 2.630406e+01 4.671460e+00 3.404537e-04 6.886269e-06 8.373810e-06 3.198205e+00
1.209631e+01 2.567529e+01 4.671205e+00 1.209631e+01 2.567529e+01 4.671205e+00 3.206037e-04 -1.223803e-04 -3.090335e-06 3.302656e+00
1.020702e+01 2.619036e+01 4.673454e+00 1.020702e+01 2.619036e+01 4.673454e+00 3.364503e-04 -5.878553e-05 2.989184e-06 3.348043e+00
1.035189e+01 1.494113e+01 2.322449e+00 1.035189e+01 1.494113e+01 2.322449e+00 -8.500909e-05 -4.938856e-05 -1.199150e-05 2.701069e+00
1.088502e+01 2.483277e+01 5.125477e+00 1.088502e+01 2.483277e+01 5.125477e+00 2.951029e-04 -8.127952e-05 6.342169e-08 3.125083e+00
2.828427e+00 1.896169e+01 4.955623e+00 2.828427e+00 1.896169e+01 4.955623e+00 9.382172e-05 2.059094e-04 8.367268e-06 2.555814e+00
3.847031e+00 1.792002e+01 5.133055e+00 3.847031e+00 1.792002e+01 5.133055e+00 5.916216e-05 1.706923e-04 3.083087e-06 2.434607e+00
4.080367e+00 1.873876e+01 5.183414e+00 4.080367e+00 1.873876e+01 5.183414e+00 8.876340e-05 1.609293e-04 2.813088e-07 2.404522e+00
3.101581e+00 1.792593e+01 4.956776e+00 3.101581e+00 1.792593e+01 4.956776e+00 5.709315e-05 1.964869e-04 8.464013e-06 2.560051e+00
3.473534e+00 1.933474e+01 5.132307e+00 3.473534e+00 1.933474e+01 5.132307e+00 1.092358e-04 1.824512e-04 2.807797e-06 2.444208e+00
1.472190e+01 1.829588e+01 4.968483e+00 1.472190e+01 1.829588e+01 4.968483e+00 7.233189e-05 -2.200015e-04 -9.157725e-06 2.648212e+00
1.359083e+01 1.737691e+01 5.137071e+00 1.359083e+01 1.737691e+01 5.137071e+00 4.194078e-05 -1.820933e-04 -2.619997e-06 2.592967e+00
1.344994e+01 1.821584e+01 5.183530e+00 1.344994e+01 1.821584e+01 5.183530e+00 7.200163e-05 -1.768022e-04 3.706206e-07 2.600301e+00
1.433424e+01 1.729776e+01 4.968976e+00 1.433424e+01 1.729776e+01 4.968976e+00 3.714999e-05 -2.067783e-04 -9.005851e-06 2.603062e+00
1.412002e+01 1.873936e+01 5.136822e+00 1.412002e+01 1.873936e+01 5.136822e+00 8.996329e-05 -1.991411e-04 -2.704685e-06 2.576661e+00
4.279311e+00 2.177778e+01 2.273712e+00 4.279311e+00 2.177778e+01 2.273712e+00 1.061846e-04 1.831422e-04 -6.669680e-05 1.919688e+00
4.133830e+00 2.261173e+01 2.318764e+00 4.133830e+00 2.261173e+01 2.318764e+00 1.906469e-04 1.321359e-04 1.000600e-04 1.973336e+00
3.606412e+00 2.124725e+01 2.308920e+00 3.606412e+00 2.124725e+01 2.308920e+00 1.303256e-04 1.847961e-04 8.525296e-06 2.017276e+00
3.389816e+00 2.268831e+01 2.479475e+00 3.389816e+00 2.268831e+01 2.479475e+00 1.814610e-04 1.948926e-04 1.528283e-06 2.188431e+00
1.365845e+01 2.125047e+01 2.272991e+00 1.365845e+01 2.125047e+01 2.272991e+00 1.445043e-04 -1.376668e-04 -2.454071e-05 2.007349e+00
1.389306e+01 2.206973e+01 2.322472e+00 1.389306e+01 2.206973e+01 2.322472e+00 1.673118e-04 -1.897992e-04 -1.090161e-06 2.060642e+00
1.426953e+01 2.065398e+01 2.318664e+00 1.426953e+01 2.065398e+01 2.318664e+00 1.327689e-04 -1.952055e-04 9.069940e-05 2.020041e+00
1.463818e+01 2.206428e+01 2.493565e+00 1.463818e+01 2.206428e+01 2.493565e+00 1.635094e-04 -2.168797e-04 -6.461648e-06 2.193312e+00
8.582793e+00 1.507670e+01 5.183427e+00 8.582793e+00 1.507670e+01 5.183427e+00 -5.075022e-05 -3.913963e-06 6.947224e-08 2.336459e+00
7.988216e+00 1.395177e+01 4.964596e+00 7.988216e+00 1.395177e+01 4.964596e+00 -9.567939e-05 1.893807e-05 -2.096139e-06 2.493322e+00
9.057017e+00 1.389314e+01 4.964788e+00 9.057017e+00 1.389314e+01 4.964788e+00 -9.761451e-05 -2.067066e-05 -2.766238e-06 2.504886e+00
8.920275e+00 2.066370e+01 2.662495e+00 8.920275e+00 2.066370e+01 2.662495e+00 1.082001e-04 -3.113030e-06 -4.268189e-07 1.723646e+00
8.446968e+00 1.944380e+01 2.661870e+00 8.446968e+00 1.944380e+01 2.661870e+00 6.458206e-05 1.343349e-05 -1.447229e-06 1.817096e+00
9.254164e+00 1.939859e+01 2.660883e+00 9.254164e+00 1.939859e+01 2.660883e+00 6.293542e-05 -1.493665e-05 1.283649e-06 1.827119e+00
8.477623e+00 2.058322e+01 4.663790e+00 8.477623e+00 2.058322e+01 4.663790e+00 1.545037e-04 -1.229524e-06 -2.098848e-06 2.802234e+00
9.285404e+00 2.053754e+01 4.662604e+00 9.285404e+00 2.053754e+01 4.662604e+00 1.529354e-04 -2.922282e-05 -8.220850e-07 2.821065e+00
8.672367e+00 2.609856e+01 2.483928e+00 8.672367e+00 2.609856e+01 2.483928e+00 3.249806e-04 1.605230e-06 -4.639469e-06 1.982441e+00
9.746672e+00 2.604196e+01 2.490484e+00 9.746672e+00 2.604196e+01 2.490484e+00 3.206786e-04 -3.492846e-05 -7.132366e-07 1.994759e+00
6.031311e+00 1.535792e+01 2.324284e+00 6.031311e+00 1.535792e+01 2.324284e+00 -6.454515e-05 1.093230e-04 7.729296e-05 2.524922e+00
6.560827e+00 2.491623e+01 5.131833e+00 6.560827e+00 2.491623e+01 5.131833e+00 2.985943e-04 6.059299e-05 1.940659e-06 2.856616e+00
2.095780e+00 2.086109e+01 3.188379e+00 2.095780e+00 2.086109e+01 3.188379e+00 1.270741e-04 2.339068e-04 1.996259e-05 2.756440e+00
2.153693e+00 2.091675e+01 4.228223e+00 2.153693e+00 2.091675e+01 4.228223e+00 1.496163e-04 2.282818e-04 1.894163e-05 2.893278e+00
2.101789e+00 2.144772e+01 3.693300e+00 2.101789e+00 2.144772e+01 3.693300e+00 1.585091e-04 2.325678e-04 2.178300e-05 2.890712e+00
1.980541e+00 1.930256e+01 3.720867e+00 1.980541e+00 1.930256e+01 3.720867e+00 8.504414e-05 2.332354e-04 2.082877e-05 2.908625e+00
2.100437e+00 1.982426e+01 3.186987e+00 2.100437e+00 1.982426e+01 3.186987e+00 9.329820e-05 2.296051e-04 2.083550e-05 2.779841e+00
6.357960e+00 1.553250e+01 5.106630e+00 6.357960e+00 1.553250e+01 5.106630e+00 -3.279104e-05 7.946734e-05 7.501353e-07 2.418135e+00
4.877082e+00 1.586107e+01 4.963178e+00 4.877082e+00 1.586107e+01 4.963178e+00 -2.036402e-05 1.342310e-04 4.286176e-06 2.583034e+00
5.606673e+00 1.526806e+01 4.964034e+00 5.606673e+00 1.526806e+01 4.964034e+00 -4.400849e-05 1.078349e-04 2.617684e-06 2.566621e+00
5.748026e+00 1.687065e+01 5.124395e+00 5.748026e+00 1.687065e+01 5.124395e+00 2.031887e-05 1.008484e-04 6.697626e-09 2.416790e+00
6.413731e+00 1.632950e+01 5.124091e+00 6.413731e+00 1.632950e+01 5.124091e+00 -7.019593e-07 7.650873e-05 1.612092e-07 2.399919e+00
6.829339e+00 1.946949e+01 4.852888e+00 6.829339e+00 1.946949e+01 4.852888e+00 1.150890e-04 5.800310e-05 -2.638065e-06 2.555113e+00
6.706958e+00 1.868588e+01 4.921766e+00 6.706958e+00 1.868588e+01 4.921766e+00 8.732431e-05 6.299192e-05 -1.988396e-06 2.484725e+00
5.623774e+00 1.991767e+01 5.033648e+00 5.623774e+00 1.991767e+01 5.033648e+00 1.305141e-04 1.012251e-04 -2.644133e-06 2.536891e+00
6.336296e+00 2.008983e+01 4.923007e+00 6.336296e+00 2.008983e+01 4.923007e+00 1.364291e-04 7.513870e-05 -2.926380e-06 2.562346e+00
3.399992e+00 1.589429e+01 3.206893e+00 3.399992e+00 1.589429e+01 3.206893e+00 -4.040966e-05 1.791579e-04 1.210268e-05 3.060822e+00
2.892863e+00 1.680245e+01 3.199715e+00 2.892863e+00 1.680245e+01 3.199715e+00 -8.729001e-06 1.961685e-04 1.442440e-05 2.968982e+00
3.698132e+00 1.539007e+01 3.712097e+00 3.698132e+00 1.539007e+01 3.712097e+00 -5.248631e-05 1.715975e-04 1.277316e-05 3.134131e+00
4.471431e+00 2.265374e+01 5.103327e+00 4.471431e+00 2.265374e+01 5.103327e+00 2.235208e-04 1.371111e-04 2.264745e-06 2.690646e+00
4.915392e+00 2.199041e+01 5.124430e+00 4.915392e+00 2.199041e+01 5.124430e+00 2.023813e-04 1.228625e-04 -6.841048e-07 2.643876e+00
3.688660e+00 2.250798e+01 4.955532e+00 3.688660e+00 2.250798e+01 4.955532e+00 2.165026e-04 1.666140e-04 7.357209e-06 2.746148e+00
1.570361e+01 2.009947e+01 3.219326e+00 1.570361e+01 2.009947e+01 3.219326e+00 1.033000e-04 -2.506653e-04 -2.274561e-05 2.969092e+00
1.562868e+01 1.853491e+01 3.752994e+00 1.562868e+01 1.853491e+01 3.752994e+00 5.906208e-05 -2.459745e-04 -2.333920e-05 3.021391e+00
1.558113e+01 1.906566e+01 3.217589e+00 1.558113e+01 1.906566e+01 3.217589e+00 6.709831e-05 -2.434580e-04 -2.243644e-05 2.963411e+00
1.562794e+01 2.016081e+01 4.256450e+00 1.562794e+01 2.016081e+01 4.256450e+00 1.239671e-04 -2.484243e-04 -2.008761e-05 3.130842e+00
1.575210e+01 2.068347e+01 3.725037e+00 1.575210e+01 2.068347e+01 3.725037e+00 1.329798e-04 -2.533398e-04 -2.241188e-05 3.008692e+00
1.084156e+01 1.528612e+01 5.107683e+00 1.084156e+01 1.528612e+01 5.107683e+00 -4.062128e-05 -8.695587e-05 -1.012762e-06 2.453890e+00
1.158836e+01 1.654757e+01 5.123489e+00 1.158836e+01 1.654757e+01 5.123489e+00 9.944980e-06 -1.129006e-04 1.052551e-06 2.467318e+00
1.086947e+01 1.608388e+01 5.123527e+00 1.086947e+01 1.608388e+01 5.123527e+00 -8.529422e-06 -8.764694e-05 8.134629e-07 2.442908e+00
1.234729e+01 1.544754e+01 4.969058e+00 1.234729e+01 1.544754e+01 4.969058e+00 -3.308900e-05 -1.396850e-04 -5.358885e-06 2.566179e+00
1.156048e+01 1.493980e+01 4.968156e+00 1.156048e+01 1.493980e+01 4.968156e+00 -5.407010e-05 -1.122371e-04 -4.449708e-06 2.597772e+00
1.079894e+01 1.924714e+01 4.848467e+00 1.079894e+01 1.924714e+01 4.848467e+00 1.072774e-04 -8.276414e-05 2.237807e-06 2.629498e+00
1.204756e+01 1.955717e+01 5.029028e+00 1.204756e+01 1.955717e+01 5.029028e+00 1.176731e-04 -1.261070e-04 2.814248e-06 2.653806e+00
1.135862e+01 1.980765e+01 4.918214e+00 1.135862e+01 1.980765e+01 4.918214e+00 1.265721e-04 -1.019785e-04 2.408599e-06 2.649256e+00
1.083355e+01 1.845559e+01 4.917770e+00 1.083355e+01 1.845559e+01 4.917770e+00 7.923183e-05 -8.424860e-05 2.502392e-06 2.559184e+00
1.384316e+01 1.529989e+01 3.224066e+00 1.384316e+01 1.529989e+01 3.224066e+00 -5.990730e-05 -1.757921e-04 -1.614730e-05 2.551289e+00
1.348366e+01 1.483697e+01 3.729421e+00 1.348366e+01 1.483697e+01 3.729421e+00 -7.003851e-05 -1.681724e-04 -1.723004e-05 2.850377e+00
1.444895e+01 1.614544e+01 3.220465e+00 1.444895e+01 1.614544e+01 3.220465e+00 -3.032074e-05 -1.974205e-04 -1.766640e-05 2.149496e+00
1.350404e+01 2.213949e+01 5.107593e+00 1.350404e+01 2.213949e+01 5.107593e+00 2.048828e-04 -1.724535e-04 -1.775079e-06 2.836994e+00
1.426775e+01 2.190812e+01 4.966956e+00 1.426775e+01 2.190812e+01 4.966956e+00 1.953742e-04 -1.991264e-04 -6.046131e-06 2.770147e+00
1.298605e+01 2.153249e+01 5.124114e+00 1.298605e+01 2.153249e+01 5.124114e+00 1.855159e-04 -1.558244e-04 5.209889e-07 2.799464e+00
6.930622e+00 2.073519e+01 2.522269e+00 6.930622e+00 2.073519e+01 2.522269e+00 1.101298e-04 6.682695e-05 1.021487e-07 1.766231e+00
6.215130e+00 2.181131e+01 2.388143e+00 6.215130e+00 2.181131e+01 2.388143e+00 1.670763e-04 1.047894e-04 5.520516e-05 1.830542e+00
6.894612e+00 2.152808e+01 2.470158e+00 6.894612e+00 2.152808e+01 2.470158e+00 1.384602e-04 7.000012e-05 -1.614470e-06 1.752625e+00
5.678679e+00 2.042584e+01 2.388199e+00 5.678679e+00 2.042584e+01 2.388199e+00 1.073591e-04 1.140674e-04 -2.654151e-05 1.921184e+00
6.369880e+00 2.017427e+01 2.469795e+00 6.369880e+00 2.017427e+01 2.469795e+00 8.925039e-05 8.633890e-05 -3.059385e-06 1.849844e+00
6.887399e+00 2.469980e+01 2.336273e+00 6.887399e+00 2.469980e+01 2.336273e+00 2.752061e-04 9.375860e-05 -4.914321e-05 1.856132e+00
5.384611e+00 2.453721e+01 2.472819e+00 5.384611e+00 2.453721e+01 2.472819e+00 2.590899e-04 1.183464e-04 7.369832e-06 2.085802e+00
6.170078e+00 2.504607e+01 2.474283e+00 6.170078e+00 2.504607e+01 2.474283e+00 2.778582e-04 8.899342e-05 -3.288743e-06 2.051900e+00
6.859114e+00 2.390276e+01 2.317234e+00 6.859114e+00 2.390276e+01 2.317234e+00 2.290723e-04 4.169513e-05 8.110471e-05 1.813508e+00
4.222747e+00 1.784029e+01 2.338153e+00 4.222747e+00 1.784029e+01 2.338153e+00 1.507497e-05 1.460788e-04 -1.586269e-05 2.276763e+00
4.734202e+00 1.845012e+01 2.315158e+00 4.734202e+00 1.845012e+01 2.315158e+00 1.424418e-05 1.450098e-04 6.600617e-05 2.149837e+00
3.895865e+00 2.468344e+01 4.222859e+00 3.895865e+00 2.468344e+01 4.222859e+00 2.816221e-04 1.612981e-04 1.598112e-05 3.018612e+00
4.253458e+00 2.514794e+01 3.717732e+00 4.253458e+00 2.514794e+01 3.717732e+00 2.936467e-04 1.529984e-04 1.725444e-05 2.949741e+00
1.090538e+01 2.051366e+01 2.518231e+00 1.090538e+01 2.051366e+01 2.518231e+00 1.035733e-04 -7.442237e-05 5.460404e-06 1.796407e+00
1.211591e+01 2.006632e+01 2.383838e+00 1.211591e+01 2.006632e+01 2.383838e+00 9.368489e-05 -1.154050e-04 5.697122e-05 1.959526e+00
1.140047e+01 1.989342e+01 2.465372e+00 1.140047e+01 1.989342e+01 2.465372e+00 8.071461e-05 -9.145670e-05 2.624207e-06 1.878415e+00
1.173600e+01 2.150377e+01 2.384478e+00 1.173600e+01 2.150377e+01 2.384478e+00 1.480323e-04 -1.002892e-04 -2.169219e-06 1.875726e+00
1.102907e+01 2.129825e+01 2.466557e+00 1.102907e+01 2.129825e+01 2.466557e+00 1.323956e-04 -7.869374e-05 3.066306e-06 1.781992e+00
1.137607e+01 2.445304e+01 2.336149e+00 1.137607e+01 2.445304e+01 2.336149e+00 2.587804e-04 -9.390824e-05 -4.677940e-06 1.850106e+00
1.132407e+01 2.365676e+01 2.314900e+00 1.132407e+01 2.365676e+01 2.314900e+00 2.404079e-04 -9.827016e-05 6.785135e-05 1.818438e+00
1.285708e+01 2.412543e+01 2.480472e+00 1.285708e+01 2.412543e+01 2.480472e+00 2.470693e-04 -1.491887e-04 1.733381e-06 2.020332e+00
1.212711e+01 2.471721e+01 2.478336e+00 1.212711e+01 2.471721e+01 2.478336e+00 2.665340e-04 -1.256675e-04 5.308350e-06 2.035048e+00
1.326779e+01 1.732809e+01 2.342538e+00 1.326779e+01 1.732809e+01 2.342538e+00 4.404189e-05 -1.717882e-04 1.941210e-04 2.330401e+00
1.281988e+01 1.799055e+01 2.318158e+00 1.281988e+01 1.799055e+01 2.318158e+00 -1.261621e-05 -1.651577e-04 9.980992e-05 2.215364e+00
1.432286e+01 2.409247e+01 4.244266e+00 1.432286e+01 2.409247e+01 4.244266e+00 2.630750e-04 -2.022004e-04 -1.047576e-05 2.594425e+00
1.402770e+01 2.459787e+01 3.738573e+00 1.402770e+01 2.459787e+01 3.738573e+00 2.768175e-04 -1.929259e-04 -9.582456e-06 2.715441e+00
8.734069e+00 1.791693e+01 4.849617e+00 8.734069e+00 1.791693e+01 4.849617e+00 6.020066e-05 -9.797519e-06 3.527170e-07 2.495453e+00
5.944237e+00 1.381487e+01 3.213417e+00 5.944237e+00 1.381487e+01 3.213417e+00 -1.088792e-04 9.463002e-05 3.287861e-06 3.229802e+00
7.398431e+00 1.323233e+01 3.743008e+00 7.398431e+00 1.323233e+01 3.743008e+00 -1.244825e-04 4.427744e-05 -2.311285e-06 3.229683e+00
6.935331e+00 1.349923e+01 3.209261e+00 6.935331e+00 1.349923e+01 3.209261e+00 -1.181897e-04 5.983160e-05 -9.155967e-07 3.256600e+00
1.108213e+01 1.352315e+01 3.218638e+00 1.108213e+01 1.352315e+01 3.218638e+00 -1.188951e-04 -8.030676e-05 -1.067257e-05 3.413887e+00
1.006061e+01 1.332148e+01 3.212157e+00 1.006061e+01 1.332148e+01 3.212157e+00 -1.237428e-04 -4.656452e-05 -9.392367e-06 3.417683e+00
9.076324e+00 2.349097e+01 2.357241e+00 9.076324e+00 2.349097e+01 2.357241e+00 2.180096e-04 -1.315196e-05 -3.256894e-05 1.769786e+00
6.647836e+00 1.725698e+01 2.352414e+00 6.647836e+00 1.725698e+01 2.352414e+00 -1.540988e-05 7.261655e-05 4.294555e-05 2.229975e+00
7.915913e+00 1.764877e+01 2.466263e+00 7.915913e+00 1.764877e+01 2.466263e+00 4.554699e-06 3.011983e-05 8.545409e-07 2.075060e+00
7.460416e+00 1.707047e+01 2.384289e+00 7.460416e+00 1.707047e+01 2.384289e+00 -9.165018e-06 4.640698e-05 -3.307106e-07 2.218039e+00
1.078485e+01 1.701867e+01 2.351463e+00 1.078485e+01 1.701867e+01 2.351463e+00 -9.420348e-06 -7.233137e-05 -3.492636e-05 2.336346e+00
9.961033e+00 1.692675e+01 2.383324e+00 9.961033e+00 1.692675e+01 2.383324e+00 -1.776734e-05 -4.061835e-05 -3.944557e-05 2.260319e+00
6.951592e+00 2.295534e+01 5.079399e+00 6.951592e+00 2.295534e+01 5.079399e+00 2.351743e-04 5.080649e-05 -2.313623e-06 2.789710e+00
8.157354e+00 2.242310e+01 4.923181e+00 8.157354e+00 2.242310e+01 4.923181e+00 2.171342e-04 9.550867e-06 -2.122736e-06 2.777240e+00
7.774931e+00 2.304841e+01 5.034110e+00 7.774931e+00 2.304841e+01 5.034110e+00 2.380095e-04 2.230111e-05 -1.910208e-06 2.818488e+00
1.107247e+01 2.272010e+01 5.076663e+00 1.107247e+01 2.272010e+01 5.076663e+00 2.267469e-04 -8.967803e-05 6.227331e-07 2.948057e+00
1.026524e+01 2.290615e+01 5.032068e+00 1.026524e+01 2.290615e+01 5.032068e+00 2.331604e-04 -6.230283e-05 1.433191e-08 2.891579e+00
6.646586e+00 2.645532e+01 4.227483e+00 6.646586e+00 2.645532e+01 4.227483e+00 3.480334e-04 6.540274e-05 1.040264e-05 3.119852e+00
8.157758e+00 2.687297e+01 3.698886e+00 8.157758e+00 2.687297e+01 3.698886e+00 3.609727e-04 1.643480e-05 1.236917e-05 2.974122e+00
7.666315e+00 2.665873e+01 4.231403e+00 7.666315e+00 2.665873e+01 4.231403e+00 3.534291e-04 2.919542e-05 1.133536e-05 3.149870e+00
1.179031e+01 2.616294e+01 4.237950e+00 1.179031e+01 2.616294e+01 4.237950e+00 3.348856e-04 -1.124259e-04 -2.318865e-06 3.366170e+00
1.079919e+01 2.648133e+01 4.236032e+00 1.079919e+01 2.648133e+01 4.236032e+00 3.436762e-04 -7.777106e-05 7.435232e-07 3.340928e+00
9.479305e+00 1.488966e+01 2.336510e+00 9.479305e+00 1.488966e+01 2.336510e+00 -7.409998e-05 -1.949369e-05 1.055199e-05 2.680972e+00
1.002761e+01 2.498560e+01 5.104710e+00 1.002761e+01 2.498560e+01 5.104710e+00 3.003075e-04 -5.359281e-05 1.010983e-06 3.097361e+00
2.032624e+00 1.988610e+01 4.227013e+00 2.032624e+00 1.988610e+01 4.227013e+00 1.142778e-04 2.326076e-04 1.869381e-05 2.879339e+00
2.906678e+00 1.984322e+01 4.979434e+00 2.906678e+00 1.984322e+01 4.979434e+00 1.253974e-04 2.016864e-04 7.341644e-06 2.573537e+00
2.442330e+00 2.037343e+01 4.676424e+00 2.442330e+00 2.037343e+01 4.676424e+00 1.383112e-04 2.168081e-04 1.334057e-05 2.754709e+00
2.523898e+00 1.832721e+01 4.687453e+00 2.523898e+00 1.832721e+01 4.687453e+00 6.709127e-05 2.150150e-04 1.346311e-05 2.713331e+00
2.127456e+00 1.879368e+01 4.254118e+00 2.127456e+00 1.879368e+01 4.254118e+00 7.662112e-05 2.282563e-04 1.828408e-05 2.869508e+00
4.980453e+00 1.665182e+01 5.106228e+00 4.980453e+00 1.665182e+01 5.106228e+00 1.165784e-05 1.298731e-04 1.886352e-06 2.454143e+00
3.605886e+00 1.719692e+01 4.982490e+00 3.605886e+00 1.719692e+01 4.982490e+00 3.079363e-05 1.794738e-04 7.199228e-06 2.562009e+00
4.203923e+00 1.650764e+01 4.975535e+00 4.203923e+00 1.650764e+01 4.975535e+00 4.628462e-06 1.584594e-04 5.890246e-06 2.578137e+00
4.576099e+00 1.808355e+01 5.172652e+00 4.576099e+00 1.808355e+01 5.172652e+00 6.542362e-05 1.435243e-04 -2.369889e-07 2.424964e+00
5.131589e+00 1.745836e+01 5.144968e+00 5.131589e+00 1.745836e+01 5.144968e+00 4.250880e-05 1.233964e-04 -1.468390e-07 2.429553e+00
5.458490e+00 1.910540e+01 5.078372e+00 5.458490e+00 1.910540e+01 5.078372e+00 1.019695e-04 1.084781e-04 -2.300326e-06 2.492904e+00
5.293857e+00 1.827893e+01 5.124497e+00 5.293857e+00 1.827893e+01 5.124497e+00 7.264930e-05 1.160882e-04 -1.583291e-06 2.459458e+00
4.187642e+00 1.955408e+01 5.172506e+00 4.187642e+00 1.955408e+01 5.172506e+00 1.178039e-04 1.553717e-04 -5.250929e-07 2.462149e+00
4.907556e+00 1.974134e+01 5.124885e+00 4.907556e+00 1.974134e+01 5.124885e+00 1.245663e-04 1.279861e-04 -2.064466e-06 2.516498e+00
2.866873e+00 1.672377e+01 4.236504e+00 2.866873e+00 1.672377e+01 4.236504e+00 2.726683e-06 2.020248e-04 1.608748e-05 2.945109e+00
2.409729e+00 1.772326e+01 4.257703e+00 2.409729e+00 1.772326e+01 4.257703e+00 3.889809e-05 2.174587e-04 1.755243e-05 2.889189e+00
3.465134e+00 1.650386e+01 4.684098e+00 3.465134e+00 1.650386e+01 4.684098e+00 5.873177e-07 1.832490e-04 1.154072e-05 2.773404e+00
3.830300e+00 2.099770e+01 5.103954e+00 3.830300e+00 2.099770e+01 5.103954e+00 1.675755e-04 1.650038e-04 2.462623e-06 2.566307e+00
4.360913e+00 2.037301e+01 5.144855e+00 4.360913e+00 2.037301e+01 5.144855e+00 1.465013e-04 1.470710e-04 -6.996506e-07 2.524535e+00
3.084949e+00 2.073682e+01 4.970504e+00 3.084949e+00 2.073682e+01 4.970504e+00 1.566285e-04 1.930858e-04 7.388976e-06 2.625652e+00
1.563142e+01 1.912326e+01 4.255792e+00 1.563142e+01 1.912326e+01 4.255792e+00 8.816078e-05 -2.484697e-04 -2.076201e-05 3.143309e+00
1.495772e+01 1.762976e+01 4.707451e+00 1.495772e+01 1.762976e+01 4.707451e+00 4.468625e-05 -2.267927e-04 -1.504095e-05 2.615023e+00
1.541288e+01 1.804688e+01 4.281764e+00 1.541288e+01 1.804688e+01 4.281764e+00 5.179078e-05 -2.400504e-04 -2.037510e-05 2.788569e+00
1.474269e+01 1.918003e+01 4.991225e+00 1.474269e+01 1.918003e+01 4.991225e+00 1.033376e-04 -2.199023e-04 -8.074239e-06 2.720962e+00
1.526960e+01 1.965403e+01 4.697334e+00 1.526960e+01 1.965403e+01 4.697334e+00 1.142398e-04 -2.362658e-04 -1.454832e-05 2.980577e+00
1.232738e+01 1.624490e+01 5.108309e+00 1.232738e+01 1.624490e+01 5.108309e+00 -1.043297e-06 -1.390173e-04 -1.481435e-06 2.467786e+00
1.288444e+01 1.762117e+01 5.171619e+00 1.288444e+01 1.762117e+01 5.171619e+00 5.076045e-05 -1.577854e-04 1.163386e-06 2.605661e+00
1.226410e+01 1.706255e+01 5.143799e+00 1.226410e+01 1.706255e+01 5.143799e+00 2.995265e-05 -1.364658e-04 1.243139e-06 2.534730e+00
1.375259e+01 1.663115e+01 4.992174e+00 1.375259e+01 1.663115e+01 4.992174e+00 1.326807e-05 -1.878715e-04 -7.445582e-06 2.537363e+00
1.308431e+01 1.601410e+01 4.983188e+00 1.308431e+01 1.601410e+01 4.983188e+00 -1.005004e-05 -1.649986e-04 -6.071190e-06 2.509052e+00
1.212109e+01 1.873296e+01 5.073938e+00 1.212109e+01 1.873296e+01 5.073938e+00 8.924363e-05 -1.296257e-04 3.097513e-06 2.633237e+00
1.343424e+01 1.903658e+01 5.171615e+00 1.343424e+01 1.903658e+01 5.171615e+00 1.004883e-04 -1.751267e-04 9.861975e-07 2.619748e+00
1.273964e+01 1.930236e+01 5.121332e+00 1.273964e+01 1.930236e+01 5.121332e+00 1.094728e-04 -1.507021e-04 2.619974e-06 2.662455e+00
1.219295e+01 1.789485e+01 5.121153e+00 1.219295e+01 1.789485e+01 5.121153e+00 5.988961e-05 -1.331401e-04 2.685449e-06 2.605784e+00
1.444718e+01 1.607212e+01 4.258592e+00 1.444718e+01 1.607212e+01 4.258592e+00 -1.792122e-05 -2.060005e-04 -1.820038e-05 2.255084e+00
1.382148e+01 1.592511e+01 4.699411e+00 1.382148e+01 1.592511e+01 4.699411e+00 -1.713257e-05 -1.884851e-04 -1.286920e-05 2.490322e+00
1.501189e+01 1.701389e+01 4.282839e+00 1.501189e+01 1.701389e+01 4.282839e+00 1.608684e-05 -2.259993e-04 -1.963708e-05 2.321157e+00
1.395243e+01 2.042783e+01 5.108037e+00 1.395243e+01 2.042783e+01 5.108037e+00 1.474517e-04 -1.906046e-04 -2.091960e-06 2.691348e+00
1.466626e+01 2.008637e+01 4.982055e+00 1.466626e+01 2.008637e+01 4.982055e+00 1.343891e-04 -2.156859e-04 -7.490547e-06 2.778397e+00
1.335386e+01 1.986784e+01 5.143933e+00 1.335386e+01 1.986784e+01 5.143933e+00 1.289245e-04 -1.710265e-04 1.012452e-06 2.671583e+00
5.603856e+00 2.125234e+01 2.356376e+00 5.603856e+00 2.125234e+01 2.356376e+00 1.242734e-04 1.072690e-04 -7.032935e-07 1.901265e+00
4.838615e+00 2.236791e+01 2.285544e+00 4.838615e+00 2.236791e+01 2.285544e+00 2.368769e-04 1.286602e-04 -3.525272e-04 1.911540e+00
5.529529e+00 2.209050e+01 2.319789e+00 5.529529e+00 2.209050e+01 2.319789e+00 1.453175e-04 1.183821e-04 -8.734976e-06 1.896600e+00
4.294437e+00 2.095212e+01 2.279239e+00 4.294437e+00 2.095212e+01 2.279239e+00 1.047118e-04 1.495277e-04 -4.825778e-05 1.976099e+00
4.986237e+00 2.068181e+01 2.321909e+00 4.986237e+00 2.068181e+01 2.321909e+00 1.110520e-04 1.366057e-04 -6.373622e-05 1.973152e+00
5.404446e+00 2.374002e+01 2.335106e+00 5.404446e+00 2.374002e+01 2.335106e+00 2.303489e-04 1.239510e-04 6.508674e-07 1.916615e+00
3.973495e+00 2.335740e+01 2.457475e+00 3.973495e+00 2.335740e+01 2.457475e+00 2.043414e-04 1.855353e-04 8.896034e-05 2.149346e+00
4.647111e+00 2.397221e+01 2.461159e+00 4.647111e+00 2.397221e+01 2.461159e+00 2.329078e-04 1.508130e-04 5.695996e-06 2.115301e+00
5.462694e+00 2.292366e+01 2.300785e+00 5.462694e+00 2.292366e+01 2.300785e+00 1.480405e-04 1.271641e-04 -3.099744e-06 1.883372e+00
3.770088e+00 1.955914e+01 2.331725e+00 3.770088e+00 1.955914e+01 2.331725e+00 1.658672e-04 1.473017e-04 -4.706952e-04 2.133338e+00
4.373287e+00 2.011849e+01 2.297017e+00 4.373287e+00 2.011849e+01 2.297017e+00 6.830803e-05 1.558942e-04 -2.230785e-06 2.036229e+00
2.982332e+00 2.080617e+01 2.449262e+00 2.982332e+00 2.080617e+01 2.449262e+00 1.122013e-04 1.823938e-04 -5.300727e-05 2.228839e+00
3.057981e+00 1.990058e+01 2.457451e+00 3.057981e+00 1.990058e+01 2.457451e+00 8.694456e-05 2.009534e-04 6.462309e-05 2.280032e+00
3.285949e+00 2.391571e+01 3.187699e+00 3.285949e+00 2.391571e+01 3.187699e+00 2.388998e-04 1.911009e-04 1.895400e-05 2.718210e+00
2.766872e+00 2.235466e+01 2.738118e+00 2.766872e+00 2.235466e+01 2.738118e+00 1.749230e-04 2.147383e-04 1.693606e-05 2.443763e+00
2.716449e+00 2.297066e+01 3.163574e+00 2.716449e+00 2.297066e+01 3.163574e+00 2.019134e-04 2.130405e-04 2.024798e-05 2.706334e+00
3.910794e+00 2.406408e+01 2.746794e+00 3.910794e+00 2.406408e+01 2.746794e+00 2.368014e-04 1.734204e-04 8.309329e-06 2.419177e+00
1.228178e+01 2.087963e+01 2.352377e+00 1.228178e+01 2.087963e+01 2.352377e+00 1.257397e-04 -1.301423e-04 -1.499542e-05 1.961321e+00
1.355405e+01 2.043347e+01 2.278324e+00 1.355405e+01 2.043347e+01 2.278324e+00 8.446135e-05 -1.844534e-04 -9.669982e-06 2.006321e+00
1.283295e+01 2.024490e+01 2.316891e+00 1.283295e+01 2.024490e+01 2.316891e+00 1.011215e-04 -1.572979e-04 -5.199565e-05 2.018079e+00
1.316671e+01 2.190342e+01 2.283960e+00 1.316671e+01 2.190342e+01 2.283960e+00 1.511266e-04 -1.608199e-04 -1.440599e-05 2.006559e+00
1.244808e+01 2.170710e+01 2.317067e+00 1.244808e+01 2.170710e+01 2.317067e+00 1.354714e-04 -1.375827e-04 -6.272623e-05 1.962182e+00
1.275204e+01 2.333467e+01 2.339250e+00 1.275204e+01 2.333467e+01 2.339250e+00 6.698690e-05 -9.805697e-05 5.896607e-04 1.866499e+00
1.260494e+01 2.252713e+01 2.300902e+00 1.260494e+01 2.252713e+01 2.300902e+00 1.768727e-04 -1.404145e-04 1.608094e-05 1.905000e+00
1.413042e+01 2.279437e+01 2.466933e+00 1.413042e+01 2.279437e+01 2.466933e+00 1.778136e-04 -2.065250e-04 -9.119342e-05 2.076087e+00
1.352843e+01 2.348077e+01 2.469711e+00 1.352843e+01 2.348077e+01 2.469711e+00 2.263542e-04 -1.705568e-04 -2.713467e-05 1.988414e+00
1.390947e+01 1.898732e+01 2.342350e+00 1.390947e+01 1.898732e+01 2.342350e+00 7.158622e-05 -1.690825e-04 -2.207626e-04 2.137979e+00
1.483596e+01 2.014503e+01 2.468416e+00 1.483596e+01 2.014503e+01 2.468416e+00 9.365651e-05 -2.179613e-04 -1.873212e-05 2.244617e+00
1.465475e+01 1.924750e+01 2.475344e+00 1.465475e+01 1.924750e+01 2.475344e+00 6.180982e-05 -2.097358e-04 -8.781893e-06 2.311584e+00
1.338321e+01 1.961417e+01 2.299161e+00 1.338321e+01 1.961417e+01 2.299161e+00 9.149955e-05 -1.581558e-04 5.134657e-05 2.055396e+00
1.486319e+01 2.326928e+01 3.212382e+00 1.486319e+01 2.326928e+01 3.212382e+00 2.211333e-04 -2.238148e-04 -1.568936e-05 2.025668e+00
1.426635e+01 2.348871e+01 2.763374e+00 1.426635e+01 2.348871e+01 2.763374e+00 2.225536e-04 -2.023140e-04 -6.159481e-06 2.115291e+00
1.521567e+01 2.166397e+01 2.762082e+00 1.521567e+01 2.166397e+01 2.762082e+00 1.541942e-04 -2.368306e-04 -1.835202e-05 2.301471e+00
1.532439e+01 2.226904e+01 3.191529e+00 1.532439e+01 2.226904e+01 3.191529e+00 1.809929e-04 -2.395718e-04 -1.951306e-05 2.096895e+00
8.657098e+00 1.650057e+01 5.075165e+00 8.657098e+00 1.650057e+01 5.075165e+00 7.086061e-06 -6.816591e-06 8.169671e-07 2.415674e+00
9.357530e+00 1.534628e+01 5.171767e+00 9.357530e+00 1.534628e+01 5.171767e+00 -3.939166e-05 -3.262684e-05 3.652959e-07 2.376981e+00
9.391860e+00 1.608901e+01 5.121951e+00 9.391860e+00 1.608901e+01 5.121951e+00 -8.941796e-06 -3.372928e-05 1.036199e-06 2.418980e+00
7.840392e+00 1.542948e+01 5.171844e+00 7.840392e+00 1.542948e+01 5.171844e+00 -3.657176e-05 2.369435e-05 2.473947e-07 2.361750e+00
7.883215e+00 1.617214e+01 5.122414e+00 7.883215e+00 1.617214e+01 5.122414e+00 -6.103598e-06 2.171536e-05 4.169114e-07 2.401005e+00
6.861098e+00 1.346899e+01 4.247600e+00 6.861098e+00 1.346899e+01 4.247600e+00 -1.153477e-04 6.244199e-05 -1.102130e-06 3.033485e+00
7.172910e+00 1.429729e+01 4.987587e+00 7.172910e+00 1.429729e+01 4.987587e+00 -8.259899e-05 4.966639e-05 -8.320465e-07 2.493483e+00
6.524293e+00 1.401489e+01 4.690931e+00 6.524293e+00 1.401489e+01 4.690931e+00 -9.440132e-05 7.433852e-05 5.413377e-08 2.759701e+00
8.497738e+00 1.346353e+01 4.700853e+00 8.497738e+00 1.346353e+01 4.700853e+00 -1.137512e-04 1.225485e-06 -3.890115e-06 2.726516e+00
7.930794e+00 1.322361e+01 4.272861e+00 7.930794e+00 1.322361e+01 4.272861e+00 -1.230387e-04 2.366399e-05 -3.778672e-06 3.014580e+00
1.012632e+01 1.328800e+01 4.250224e+00 1.012632e+01 1.328800e+01 4.250224e+00 -1.211031e-04 -5.567238e-05 -8.070297e-06 3.134280e+00
9.035829e+00 1.316245e+01 4.273605e+00 9.035829e+00 1.316245e+01 4.273605e+00 -1.249898e-04 -1.648377e-05 -6.205439e-06 3.051278e+00
9.903655e+00 1.414757e+01 4.988536e+00 9.903655e+00 1.414757e+01 4.988536e+00 -8.714236e-05 -5.242665e-05 -3.017111e-06 2.520742e+00
1.051843e+01 1.379482e+01 4.693831e+00 1.051843e+01 1.379482e+01 4.693831e+00 -1.011214e-04 -7.277083e-05 -6.435302e-06 2.826332e+00
8.997986e+00 2.206797e+01 2.520940e+00 8.997986e+00 2.206797e+01 2.520940e+00 1.613269e-04 -6.113829e-06 1.285563e-06 1.673538e+00
8.247841e+00 2.096149e+01 2.624998e+00 8.247841e+00 2.096149e+01 2.624998e+00 1.188583e-04 2.082695e-05 -2.300440e-06 1.706041e+00
8.268408e+00 2.169458e+01 2.553501e+00 8.268408e+00 2.169458e+01 2.553501e+00 1.462470e-04 2.016346e-05 -2.729297e-06 1.679109e+00
9.621587e+00 2.088488e+01 2.623606e+00 9.621587e+00 2.088488e+01 2.623606e+00 1.164881e-04 -2.846342e-05 1.919552e-06 1.714504e+00
9.682124e+00 2.161570e+01 2.552729e+00 9.682124e+00 2.161570e+01 2.552729e+00 1.440460e-04 -3.091725e-05 1.616736e-06 1.683575e+00
7.555984e+00 1.835553e+01 2.519160e+00 7.555984e+00 1.835553e+01 2.519160e+00 2.779016e-05 4.334744e-05 -1.048797e-06 1.967645e+00
8.815799e+00 1.880783e+01 2.622548e+00 8.815799e+00 1.880783e+01 2.622548e+00 4.274916e-05 4.133955e-07 1.922255e-07 1.878680e+00
8.367092e+00 1.822768e+01 2.551161e+00 8.367092e+00 1.822768e+01 2.551161e+00 2.360581e-05 1.583796e-05 -1.232876e-06 1.955991e+00
7.750012e+00 1.967819e+01 2.624667e+00 7.750012e+00 1.967819e+01 2.624667e+00 7.279783e-05 3.792649e-05 -3.056664e-06 1.801755e+00
7.270148e+00 1.912368e+01 2.553030e+00 7.270148e+00 1.912368e+01 2.553030e+00 5.396522e-05 5.427206e-05 -3.318658e-06 1.874903e+00
1.001561e+01 1.821711e+01 2.517199e+00 1.001561e+01 1.821711e+01 2.517199e+00 2.352567e-05 -4.172216e-05 5.567100e-07 2.001021e+00
9.973003e+00 1.955417e+01 2.622074e+00 9.973003e+00 1.955417e+01 2.622074e+00 6.854907e-05 -4.062257e-05 3.329229e-06 1.819394e+00
1.038711e+01 1.894936e+01 2.550067e+00 1.038711e+01 1.894936e+01 2.550067e+00 4.836157e-05 -5.513838e-05 4.668920e-06 1.898583e+00
9.195461e+00 1.818088e+01 2.550382e+00 9.195461e+00 1.818088e+01 2.550382e+00 2.195362e-05 -1.254752e-05 1.275203e-06 1.964853e+00
7.719004e+00 2.176237e+01 4.853922e+00 7.719004e+00 2.176237e+01 4.853922e+00 1.946549e-04 2.504150e-05 -2.802371e-06 2.736270e+00
8.916371e+00 2.117352e+01 4.714223e+00 8.916371e+00 2.117352e+01 4.714223e+00 1.748441e-04 -1.641534e-05 -1.627892e-06 2.805005e+00
8.537470e+00 2.179904e+01 4.809525e+00 8.537470e+00 2.179904e+01 4.809525e+00 1.961190e-04 -3.390703e-06 -2.082258e-06 2.773916e+00
7.758825e+00 2.042806e+01 4.714946e+00 7.758825e+00 2.042806e+01 4.714946e+00 1.488808e-04 2.428448e-05 -2.763358e-06 2.727166e+00
7.346642e+00 2.103225e+01 4.810146e+00 7.346642e+00 2.103225e+01 4.810146e+00 1.697407e-04 3.857095e-05 -3.123130e-06 2.691242e+00
1.017325e+01 2.162305e+01 4.851161e+00 1.017325e+01 2.162305e+01 4.851161e+00 1.897963e-04 -5.963033e-05 1.040922e-07 2.798615e+00
9.982423e+00 2.030276e+01 4.711920e+00 9.982423e+00 2.030276e+01 4.711920e+00 1.445775e-04 -5.375910e-05 4.488869e-07 2.768356e+00
1.046045e+01 2.085627e+01 4.806483e+00 1.046045e+01 2.085627e+01 4.806483e+00 1.633015e-04 -7.009182e-05 8.323183e-07 2.749563e+00
9.364130e+00 2.175209e+01 4.808514e+00 9.364130e+00 2.175209e+01 4.808514e+00 1.944819e-04 -3.183446e-05 -1.019607e-06 2.792250e+00
7.598318e+00 2.669767e+01 3.194000e+00 7.598318e+00 2.669767e+01 3.194000e+00 3.555853e-04 4.025602e-05 9.319663e-06 2.665820e+00
7.826804e+00 2.583931e+01 2.454159e+00 7.826804e+00 2.583931e+01 2.454159e+00 3.151530e-04 3.605133e-05 1.555372e-06 1.967732e+00
7.209997e+00 2.619105e+01 2.747707e+00 7.209997e+00 2.619105e+01 2.747707e+00 3.318685e-04 5.840455e-05 9.657719e-06 2.297888e+00
9.232399e+00 2.652718e+01 2.748096e+00 9.232399e+00 2.652718e+01 2.748096e+00 3.381786e-04 -1.814237e-05 3.361878e-06 2.269780e+00
8.690386e+00 2.682478e+01 3.171506e+00 8.690386e+00 2.682478e+01 3.171506e+00 3.552530e-04 8.207301e-07 8.874136e-06 2.640989e+00
1.087970e+01 2.651535e+01 3.200981e+00 1.087970e+01 2.651535e+01 3.200981e+00 3.399125e-04 -7.933543e-05 2.998763e-06 2.772361e+00
9.803128e+00 2.676321e+01 3.173534e+00 9.803128e+00 2.676321e+01 3.173534e+00 3.476139e-04 -3.971125e-05 6.154358e-06 2.679557e+00
1.056329e+01 2.569132e+01 2.464115e+00 1.056329e+01 2.569132e+01 2.464115e+00 3.117543e-04 -6.248871e-05 7.307448e-06 1.981959e+00
1.121468e+01 2.597007e+01 2.756212e+00 1.121468e+01 2.597007e+01 2.756212e+00 3.236352e-04 -9.048609e-05 6.508633e-06 2.346072e+00
7.697562e+00 1.499413e+01 2.336854e+00 7.697562e+00 1.499413e+01 2.336854e+00 -6.380645e-05 4.679673e-05 -2.150717e-05 2.603437e+00
6.528234e+00 1.591518e+01 2.280789e+00 6.528234e+00 1.591518e+01 2.280789e+00 1.553462e-05 7.107327e-05 -5.930595e-05 2.397935e+00
7.351908e+00 1.573150e+01 2.299763e+00 7.351908e+00 1.573150e+01 2.299763e+00 -1.709779e-04 7.436277e-05 -2.519459e-04 2.430761e+00
6.261897e+00 1.463050e+01 2.468831e+00 6.261897e+00 1.463050e+01 2.468831e+00 -8.082149e-05 8.192841e-05 2.502348e-05 2.790489e+00
7.152034e+00 1.442438e+01 2.470773e+00 7.152034e+00 1.442438e+01 2.470773e+00 -1.031555e-04 3.973667e-05 -7.386092e-05 2.835722e+00
8.254482e+00 2.508813e+01 5.104674e+00 8.254482e+00 2.508813e+01 5.104674e+00 3.034165e-04 4.067550e-06 2.113860e-06 2.985746e+00
6.988819e+00 2.430406e+01 5.172845e+00 6.988819e+00 2.430406e+01 5.172845e+00 2.788411e-04 4.685827e-05 -2.931813e-07 2.837830e+00
7.821543e+00 2.439109e+01 5.145207e+00 7.821543e+00 2.439109e+01 5.145207e+00 2.813728e-04 1.888296e-05 7.610163e-09 2.897697e+00
6.871682e+00 2.561198e+01 4.979175e+00 6.871682e+00 2.561198e+01 4.979175e+00 3.218590e-04 5.055290e-05 5.207222e-06 3.001675e+00
7.778431e+00 2.571746e+01 4.971514e+00 7.778431e+00 2.571746e+01 4.971514e+00 3.238863e-04 1.985828e-05 5.126637e-06 3.066506e+00
3.002907e+00 2.168927e+01 2.474827e+00 3.002907e+00 2.168927e+01 2.474827e+00 1.426962e-04 2.043049e-04 -3.745913e-05 2.211097e+00
2.313666e+00 2.193628e+01 3.163731e+00 2.313666e+00 2.193628e+01 3.163731e+00 1.646152e-04 2.285617e-04 1.966888e-05 2.722972e+00
2.455563e+00 2.033187e+01 2.743898e+00 2.455563e+00 2.033187e+01 2.743898e+00 1.008900e-04 2.188298e-04 1.586173e-05 2.517155e+00
3.349205e+00 2.163138e+01 4.956288e+00 3.349205e+00 2.163138e+01 4.956288e+00 1.870525e-04 1.811813e-04 7.500594e-06 2.686124e+00
2.418154e+00 2.192940e+01 4.221570e+00 2.418154e+00 2.192940e+01 4.221570e+00 1.840561e-04 2.172971e-04 1.964122e-05 2.916753e+00
2.978384e+00 2.227814e+01 4.661729e+00 2.978384e+00 2.227814e+01 4.661729e+00 2.042094e-04 1.945198e-04 1.387688e-05 2.847235e+00
2.891686e+00 2.347816e+01 3.689981e+00 2.891686e+00 2.347816e+01 3.689981e+00 2.300663e-04 2.029484e-04 2.069455e-05 2.899105e+00
2.798983e+00 2.291093e+01 4.219429e+00 2.798983e+00 2.291093e+01 4.219429e+00 2.186787e-04 2.028109e-04 1.916605e-05 2.944814e+00
2.532744e+00 1.720311e+01 3.729568e+00 2.532744e+00 1.720311e+01 3.729568e+00 1.270149e-05 2.108776e-04 1.775020e-05 2.992165e+00
2.249050e+00 1.879034e+01 3.194454e+00 2.249050e+00 1.879034e+01 3.194454e+00 5.844116e-05 2.209713e-04 1.903958e-05 2.824714e+00
2.514908e+00 1.777610e+01 3.199029e+00 2.514908e+00 1.777610e+01 3.199029e+00 2.423722e-05 2.098758e-04 1.622657e-05 2.888357e+00
3.219564e+00 1.898377e+01 2.472386e+00 3.219564e+00 1.898377e+01 2.472386e+00 5.419777e-05 1.887156e-04 1.429090e-05 2.344556e+00
2.773788e+00 1.838305e+01 2.760135e+00 2.773788e+00 1.838305e+01 2.760135e+00 4.008530e-05 2.019469e-04 1.659381e-05 2.639934e+00
7.830983e+00 1.468206e+01 5.135425e+00 7.830983e+00 1.468206e+01 5.135425e+00 -6.778237e-05 2.444400e-05 -5.317050e-07 2.351331e+00
6.376702e+00 1.474157e+01 4.978283e+00 6.376702e+00 1.474157e+01 4.978283e+00 -6.505595e-05 7.939993e-05 8.358459e-07 2.531304e+00
7.114958e+00 1.584600e+01 5.144192e+00 7.114958e+00 1.584600e+01 5.144192e+00 -1.975080e-05 5.073675e-05 2.552662e-07 2.383423e+00
3.482399e+00 1.588427e+01 4.241663e+00 3.482399e+00 1.588427e+01 4.241663e+00 -2.815269e-05 1.812459e-04 1.369591e-05 2.995873e+00
4.875256e+00 1.511168e+01 4.675658e+00 4.875256e+00 1.511168e+01 4.675658e+00 -5.240993e-05 1.342305e-04 6.150938e-06 2.810240e+00
4.214004e+00 1.513228e+01 4.239109e+00 4.214004e+00 1.513228e+01 4.239109e+00 -5.607419e-05 1.564190e-04 1.030426e-05 3.037483e+00
5.915550e+00 1.390170e+01 4.248263e+00 5.915550e+00 1.390170e+01 4.248263e+00 -1.006464e-04 9.689585e-05 2.242133e-06 3.047624e+00
5.031285e+00 1.446623e+01 4.241143e+00 5.031285e+00 1.446623e+01 4.241143e+00 -8.047767e-05 1.279394e-04 6.179661e-06 3.055227e+00
6.002989e+00 1.848173e+01 5.032802e+00 6.002989e+00 1.848173e+01 5.032802e+00 7.984761e-05 8.909007e-05 -1.907163e-06 2.466130e+00
6.501821e+00 1.711905e+01 5.078757e+00 6.501821e+00 1.711905e+01 5.078757e+00 2.990826e-05 7.225872e-05 -5.778841e-07 2.416765e+00
6.601180e+00 1.790331e+01 5.003809e+00 6.601180e+00 1.790331e+01 5.003809e+00 5.915246e-05 6.763165e-05 -1.284683e-06 2.439174e+00
7.936103e+00 1.690789e+01 5.030487e+00 7.936103e+00 1.690789e+01 5.030487e+00 2.257403e-05 1.933295e-05 2.435326e-07 2.413444e+00
7.248366e+00 1.737646e+01 5.002976e+00 7.248366e+00 1.737646e+01 5.002976e+00 3.987368e-05 4.427748e-05 -5.162480e-07 2.420594e+00
8.184685e+00 1.982861e+01 4.663367e+00 8.184685e+00 1.982861e+01 4.663367e+00 1.281893e-04 9.444479e-06 -2.008339e-06 2.746720e+00
7.408458e+00 1.889050e+01 4.808187e+00 7.408458e+00 1.889050e+01 4.808187e+00 9.491882e-05 3.746266e-05 -1.866138e-06 2.552246e+00
8.110108e+00 1.909682e+01 4.713140e+00 8.110108e+00 1.909682e+01 4.713140e+00 1.026645e-04 1.222176e-05 -1.433325e-06 2.650963e+00
7.047015e+00 2.025989e+01 4.809762e+00 7.047015e+00 2.025989e+01 4.809762e+00 1.428909e-04 4.970561e-05 -3.033983e-06 2.630585e+00
7.992239e+00 1.763890e+01 4.919785e+00 7.992239e+00 1.763890e+01 4.919785e+00 5.003688e-05 1.694738e-05 -1.786398e-07 2.446077e+00
8.050039e+00 1.836762e+01 4.806990e+00 8.050039e+00 1.836762e+01 4.806990e+00 7.660700e-05 1.461066e-05 -7.759126e-07 2.532562e+00
4.605314e+00 2.118964e+01 5.124455e+00 4.605314e+00 2.118964e+01 5.124455e+00 1.746837e-04 1.360759e-04 -6.986927e-07 2.581647e+00
5.857741e+00 2.071723e+01 5.005735e+00 5.857741e+00 2.071723e+01 5.005735e+00 1.581557e-04 9.165761e-05 -2.834873e-06 2.589609e+00
5.383319e+00 2.134895e+01 5.080547e+00 5.383319e+00 2.134895e+01 5.080547e+00 1.802861e-04 1.076637e-04 -2.187178e-06 2.623231e+00
6.936291e+00 2.163700e+01 4.923654e+00 6.936291e+00 2.163700e+01 4.923654e+00 1.901428e-04 5.264807e-05 -3.056074e-06 2.688548e+00
6.159664e+00 2.149621e+01 5.005998e+00 6.159664e+00 2.149621e+01 5.005998e+00 1.852734e-04 7.992961e-05 -2.868020e-06 2.654120e+00
4.593562e+00 1.560363e+01 2.494053e+00 4.593562e+00 1.560363e+01 2.494053e+00 -5.451891e-05 1.376304e-04 3.268451e-06 2.722884e+00
3.450149e+00 1.652914e+01 2.759285e+00 3.450149e+00 1.652914e+01 2.759285e+00 -2.230166e-05 1.759860e-04 1.036632e-05 2.820545e+00
4.139984e+00 1.636816e+01 2.465657e+00 4.139984e+00 1.636816e+01 2.465657e+00 -3.491818e-05 1.501330e-04 -3.375289e-05 2.613990e+00
4.121581e+00 1.506085e+01 3.186026e+00 4.121581e+00 1.506085e+01 3.186026e+00 -6.915473e-05 1.561894e-04 9.636530e-06 3.129692e+00
4.720151e+00 1.491132e+01 2.760108e+00 4.720151e+00 1.491132e+01 2.760108e+00 -7.746499e-05 1.353410e-04 6.147031e-06 2.982807e+00
3.458747e+00 1.807509e+01 2.475424e+00 3.458747e+00 1.807509e+01 2.475424e+00 2.197785e-05 1.754759e-04 -7.408002e-06 2.424943e+00
3.765297e+00 1.719688e+01 2.467253e+00 3.765297e+00 1.719688e+01 2.467253e+00 -3.083625e-06 1.676017e-04 1.409799e-05 2.518162e+00
5.389454e+00 1.400956e+01 3.716960e+00 5.389454e+00 1.400956e+01 3.716960e+00 -1.003240e-04 1.148359e-04 4.650180e-06 3.216852e+00
4.983300e+00 1.435604e+01 3.188843e+00 4.983300e+00 1.435604e+01 3.188843e+00 -9.300111e-05 1.267978e-04 5.590261e-06 3.187957e+00
5.328987e+00 2.412419e+01 5.130703e+00 5.328987e+00 2.412419e+01 5.130703e+00 2.723094e-04 1.042594e-04 2.037510e-06 2.780955e+00
5.284800e+00 2.275879e+01 5.144775e+00 5.284800e+00 2.275879e+01 5.144775e+00 2.279072e-04 1.080689e-04 -7.591270e-07 2.705259e+00
5.708700e+00 2.348069e+01 5.172365e+00 5.708700e+00 2.348069e+01 5.172365e+00 2.517834e-04 9.218624e-05 -7.354641e-07 2.744862e+00
4.095942e+00 2.334768e+01 4.968379e+00 4.095942e+00 2.334768e+01 4.968379e+00 2.453271e-04 1.498951e-04 6.970122e-06 2.803559e+00
4.567233e+00 2.412966e+01 4.976335e+00 4.567233e+00 2.412966e+01 4.976335e+00 2.717353e-04 1.317774e-04 6.400930e-06 2.857938e+00
6.525769e+00 2.224443e+01 5.034383e+00 6.525769e+00 2.224443e+01 5.034383e+00 2.109984e-04 6.628251e-05 -2.729412e-06 2.725978e+00
6.115046e+00 2.285732e+01 5.125431e+00 6.115046e+00 2.285732e+01 5.125431e+00 2.317799e-04 7.949340e-05 -2.108584e-06 2.754251e+00
3.287812e+00 2.383835e+01 4.224004e+00 3.287812e+00 2.383835e+01 4.224004e+00 2.512500e-04 1.842977e-04 1.731116e-05 2.978684e+00
3.866841e+00 2.404808e+01 4.672437e+00 3.866841e+00 2.404808e+01 4.672437e+00 2.649382e-04 1.591101e-04 1.247410e-05 2.945851e+00
1.491313e+01 2.102922e+01 2.493039e+00 1.491313e+01 2.102922e+01 2.493039e+00 1.246334e-04 -2.269631e-04 -1.093210e-05 2.202059e+00
1.529658e+01 1.961103e+01 2.769732e+00 1.529658e+01 1.961103e+01 2.769732e+00 7.798097e-05 -2.335918e-04 -1.784057e-05 2.640161e+00
1.560938e+01 2.119564e+01 3.194542e+00 1.560938e+01 2.119564e+01 3.194542e+00 1.420665e-04 -2.492117e-04 -2.077390e-05 2.610285e+00
1.484201e+01 1.650696e+01 3.754952e+00 1.484201e+01 1.650696e+01 3.754952e+00 -9.952425e-06 -2.157638e-04 -2.030857e-05 2.081134e+00
1.531601e+01 1.805281e+01 3.223754e+00 1.531601e+01 1.805281e+01 3.223754e+00 3.291498e-05 -2.313263e-04 -2.112009e-05 2.748289e+00
1.493563e+01 1.707238e+01 3.224362e+00 1.493563e+01 1.707238e+01 3.224362e+00 9.656992e-07 -2.164133e-04 -1.976109e-05 2.285572e+00
1.438713e+01 1.835161e+01 2.486800e+00 1.438713e+01 1.835161e+01 2.486800e+00 3.220697e-05 -1.969616e-04 1.417414e-05 2.316930e+00
1.475791e+01 1.770498e+01 2.781543e+00 1.475791e+01 1.770498e+01 2.781543e+00 1.414874e-05 -2.090389e-04 -1.466510e-05 2.501308e+00
1.450522e+01 2.100204e+01 4.967859e+00 1.450522e+01 2.100204e+01 4.967859e+00 1.650858e-04 -2.087547e-04 -6.894460e-06 2.761387e+00
1.547995e+01 2.119611e+01 4.249277e+00 1.547995e+01 2.119611e+01 4.249277e+00 1.596914e-04 -2.423338e-04 -1.890569e-05 2.863283e+00
1.495309e+01 2.160245e+01 4.681978e+00 1.495309e+01 2.160245e+01 4.681978e+00 1.810773e-04 -2.237843e-04 -1.239281e-05 2.776175e+00
1.519572e+01 2.278857e+01 3.719260e+00 1.519572e+01 2.278857e+01 3.719260e+00 2.092243e-04 -2.347698e-04 -1.740582e-05 1.986770e+00
1.521233e+01 2.221233e+01 4.246789e+00 1.521233e+01 2.221233e+01 4.246789e+00 1.956156e-04 -2.333762e-04 -1.641831e-05 2.385576e+00
9.291016e+00 1.460219e+01 5.135558e+00 9.291016e+00 1.460219e+01 5.135558e+00 -7.040371e-05 -3.010987e-05 -9.390171e-07 2.362628e+00
1.012192e+01 1.568080e+01 5.143917e+00 1.012192e+01 1.568080e+01 5.143917e+00 -2.526270e-05 -6.071094e-05 5.868605e-07 2.417110e+00
1.074078e+01 1.450181e+01 4.980662e+00 1.074078e+01 1.450181e+01 4.980662e+00 -7.244169e-05 -8.295536e-05 -3.613552e-06 2.570361e+00
1.151067e+01 1.817478e+01 5.028707e+00 1.151067e+01 1.817478e+01 5.028707e+00 6.952492e-05 -1.086251e-04 2.904796e-06 2.575171e+00
1.086613e+01 1.687745e+01 5.076738e+00 1.086613e+01 1.687745e+01 5.076738e+00 2.198177e-05 -8.671765e-05 1.912674e-06 2.467190e+00
1.085257e+01 1.766698e+01 5.000640e+00 1.085257e+01 1.766698e+01 5.000640e+00 5.112060e-05 -8.551640e-05 2.420281e-06 2.503345e+00
9.417640e+00 1.682587e+01 5.029605e+00 9.417640e+00 1.682587e+01 5.029605e+00 1.963347e-05 -3.432135e-05 1.295509e-06 2.429718e+00
1.015194e+01 1.721543e+01 5.000964e+00 1.015194e+01 1.721543e+01 5.000964e+00 3.450111e-05 -6.067153e-05 1.848930e-06 2.454660e+00
1.374407e+01 1.530809e+01 4.259917e+00 1.374407e+01 1.530809e+01 4.259917e+00 -4.597403e-05 -1.820614e-04 -1.653855e-05 2.613870e+00
1.227240e+01 1.470125e+01 4.684603e+00 1.227240e+01 1.470125e+01 4.684603e+00 -6.496348e-05 -1.348595e-04 -9.363792e-06 2.825989e+00
1.293594e+01 1.464383e+01 4.253095e+00 1.293594e+01 1.464383e+01 4.253095e+00 -7.100000e-05 -1.542862e-04 -1.444005e-05 2.979434e+00
1.111321e+01 1.361290e+01 4.254065e+00 1.111321e+01 1.361290e+01 4.254065e+00 -1.096202e-04 -9.089247e-05 -9.986709e-06 3.183661e+00
1.205239e+01 1.407453e+01 4.251018e+00 1.205239e+01 1.407453e+01 4.251018e+00 -9.242831e-05 -1.239691e-04 -1.229023e-05 3.161406e+00
9.491603e+00 1.975525e+01 4.661456e+00 9.491603e+00 1.975525e+01 4.661456e+00 1.257267e-04 -3.679454e-05 4.751179e-08 2.771694e+00
1.067117e+01 2.005601e+01 4.805496e+00 1.067117e+01 2.005601e+01 4.805496e+00 1.354508e-04 -7.788225e-05 1.606254e-06 2.693043e+00
1.015888e+01 1.873679e+01 4.804939e+00 1.015888e+01 1.873679e+01 4.804939e+00 8.965423e-05 -6.043097e-05 1.725333e-06 2.598465e+00
9.484277e+00 1.901991e+01 4.711277e+00 9.484277e+00 1.901991e+01 4.711277e+00 9.980551e-05 -3.655928e-05 5.964372e-07 2.673315e+00
1.320317e+01 2.070443e+01 5.123848e+00 1.320317e+01 2.070443e+01 5.123848e+00 1.574258e-04 -1.645613e-04 7.594465e-07 2.718118e+00
1.190489e+01 2.037644e+01 5.001362e+00 1.190489e+01 2.037644e+01 5.001362e+00 1.459639e-04 -1.203437e-04 2.297742e-06 2.692921e+00
1.244784e+01 2.094955e+01 5.077534e+00 1.244784e+01 2.094955e+01 5.077534e+00 1.656369e-04 -1.383142e-04 1.769245e-06 2.748625e+00
1.093692e+01 2.141023e+01 4.919884e+00 1.093692e+01 2.141023e+01 4.919884e+00 1.819172e-04 -8.620596e-05 1.057666e-06 2.767512e+00
1.169288e+01 2.118296e+01 5.002085e+00 1.169288e+01 2.118296e+01 5.002085e+00 1.738569e-04 -1.122800e-04 1.691120e-06 2.751922e+00
9.441025e+00 1.755836e+01 4.918506e+00 9.441025e+00 1.755836e+01 4.918506e+00 4.707397e-05 -3.505665e-05 1.272604e-06 2.462105e+00
9.463406e+00 1.828876e+01 4.805362e+00 9.463406e+00 1.828876e+01 4.805362e+00 7.366959e-05 -3.581405e-05 1.021721e-06 2.551305e+00
1.263346e+01 1.514251e+01 2.498049e+00 1.263346e+01 1.514251e+01 2.498049e+00 -7.164281e-05 -1.318451e-04 -3.018037e-05 2.668044e+00
1.303348e+01 1.455345e+01 3.199089e+00 1.303348e+01 1.455345e+01 3.199089e+00 -8.551515e-05 -1.482933e-04 -1.551374e-05 3.134241e+00
1.242702e+01 1.447023e+01 2.766739e+00 1.242702e+01 1.447023e+01 2.766739e+00 -9.495197e-05 -1.179856e-04 -3.314791e-06 3.076603e+00
1.387101e+01 1.593351e+01 2.772771e+00 1.387101e+01 1.593351e+01 2.772771e+00 -4.242311e-05 -1.743666e-04 -1.437635e-05 2.474273e+00
1.317019e+01 1.584968e+01 2.471885e+00 1.317019e+01 1.584968e+01 2.471885e+00 -4.486810e-05 -1.462055e-04 2.726844e-05 2.566786e+00
1.165155e+01 1.365756e+01 3.725079e+00 1.165155e+01 1.365756e+01 3.725079e+00 -1.114443e-04 -1.050583e-04 -1.259231e-05 3.414647e+00
1.209816e+01 1.395163e+01 3.197006e+00 1.209816e+01 1.395163e+01 3.197006e+00 -1.054100e-04 -1.157652e-04 -1.322272e-05 3.376381e+00
1.404869e+01 1.747517e+01 2.487503e+00 1.404869e+01 1.747517e+01 2.487503e+00 3.852688e-06 -1.845417e-04 -4.328069e-05 2.363869e+00
1.364032e+01 1.663315e+01 2.477045e+00 1.364032e+01 1.663315e+01 2.477045e+00 -2.413796e-05 -1.644017e-04 -1.007693e-05 2.424947e+00
1.282212e+01 2.369230e+01 5.134711e+00 1.282212e+01 2.369230e+01 5.134711e+00 2.566731e-04 -1.467667e-04 -1.405888e-06 2.863892e+00
1.395903e+01 2.278547e+01 4.979173e+00 1.395903e+01 2.278547e+01 4.979173e+00 2.252288e-04 -1.876141e-04 -5.057688e-06 2.776793e+00
1.358087e+01 2.361287e+01 4.986308e+00 1.358087e+01 2.361287e+01 4.986308e+00 2.536566e-04 -1.746003e-04 -3.948370e-06 2.900476e+00
1.270680e+01 2.233525e+01 5.144624e+00 1.270680e+01 2.233525e+01 5.144624e+00 2.124036e-04 -1.450898e-04 2.994307e-07 2.882959e+00
1.236865e+01 2.309871e+01 5.172348e+00 1.236865e+01 2.309871e+01 5.172348e+00 2.382508e-04 -1.325626e-04 1.484504e-07 2.879269e+00
1.483142e+01 2.318614e+01 4.249309e+00 1.483142e+01 2.318614e+01 4.249309e+00 2.304300e-04 -2.200089e-04 -1.361816e-05 2.251246e+00
1.427165e+01 2.345590e+01 4.690130e+00 1.427165e+01 2.345590e+01 4.690130e+00 2.445493e-04 -1.986674e-04 -8.542845e-06 2.659021e+00
1.141413e+01 2.196643e+01 5.031027e+00 1.141413e+01 2.196643e+01 5.031027e+00 2.008885e-04 -1.019912e-04 1.105453e-06 2.828919e+00
1.189255e+01 2.252751e+01 5.123167e+00 1.189255e+01 2.252751e+01 5.123167e+00 2.197716e-04 -1.175353e-04 8.615382e-07 2.895253e+00
8.240837e+00 2.022592e+01 2.662881e+00 8.240837e+00 2.022592e+01 2.662881e+00 9.195209e-05 2.093772e-05 -2.484766e-06 1.753916e+00
7.571941e+00 2.124568e+01 2.554223e+00 7.571941e+00 2.124568e+01 2.554223e+00 1.292268e-04 4.409434e-05 -4.452401e-06 1.709604e+00
7.059765e+00 1.992506e+01 2.554213e+00 7.059765e+00 1.992506e+01 2.554213e+00 8.152464e-05 6.198544e-05 -7.061874e-06 1.807140e+00
6.143657e+00 2.343904e+01 2.318226e+00 6.143657e+00 2.343904e+01 2.318226e+00 1.883434e-04 1.444386e-04 -1.314550e-04 1.836988e+00
6.876003e+00 2.231799e+01 2.407853e+00 6.876003e+00 2.231799e+01 2.407853e+00 1.737237e-04 6.111099e-05 -6.364519e-05 1.768631e+00
6.862963e+00 2.310827e+01 2.351119e+00 6.862963e+00 2.310827e+01 2.351119e+00 2.351101e-04 8.827628e-05 -2.200937e-04 1.795482e+00
8.290682e+00 2.242817e+01 2.467851e+00 8.290682e+00 2.242817e+01 2.467851e+00 1.737790e-04 1.982517e-05 -7.026613e-06 1.693335e+00
7.578522e+00 2.277169e+01 2.404942e+00 7.578522e+00 2.277169e+01 2.404942e+00 1.872157e-04 4.485099e-05 1.335032e-05 1.741274e+00
4.520322e+00 1.928002e+01 2.311613e+00 4.520322e+00 1.928002e+01 2.311613e+00 4.708185e-05 1.535458e-04 -1.745786e-05 2.089622e+00
5.821862e+00 1.960461e+01 2.406687e+00 5.821862e+00 1.960461e+01 2.406687e+00 7.099191e-05 1.037988e-04 -9.961189e-06 1.959894e+00
5.277394e+00 1.903121e+01 2.347787e+00 5.277394e+00 1.903121e+01 2.347787e+00 5.626579e-05 1.228574e-04 2.452330e-05 2.069516e+00
6.790738e+00 1.856805e+01 2.467578e+00 6.790738e+00 1.856805e+01 2.467578e+00 3.580830e-05 6.956882e-05 -6.400796e-06 1.988948e+00
6.033312e+00 1.879608e+01 2.405570e+00 6.033312e+00 1.879608e+01 2.405570e+00 4.421523e-05 9.308394e-05 1.652652e-05 2.030525e+00
8.444731e+00 2.538806e+01 2.314596e+00 8.444731e+00 2.538806e+01 2.314596e+00 2.887852e-04 9.744640e-06 -2.411413e-05 1.794770e+00
6.990150e+00 2.548378e+01 2.460764e+00 6.990150e+00 2.548378e+01 2.460764e+00 2.981165e-04 6.776489e-05 -9.346044e-06 2.004798e+00
7.609820e+00 2.430801e+01 2.296477e+00 7.609820e+00 2.430801e+01 2.296477e+00 2.476271e-04 4.428379e-05 5.076169e-06 1.801070e+00
8.385409e+00 2.464462e+01 2.278722e+00 8.385409e+00 2.464462e+01 2.278722e+00 2.575464e-04 1.943024e-05 -2.586927e-05 1.782924e+00
3.991045e+00 2.467972e+01 3.186306e+00 3.991045e+00 2.467972e+01 3.186306e+00 2.696242e-04 1.674244e-04 1.584180e-05 2.718969e+00
5.458639e+00 2.528346e+01 2.757314e+00 5.458639e+00 2.528346e+01 2.757314e+00 2.890292e-04 1.185519e-04 9.213878e-06 2.376885e+00
4.797589e+00 2.534127e+01 3.191247e+00 4.797589e+00 2.534127e+01 3.191247e+00 2.953849e-04 1.383974e-04 1.540540e-05 2.718000e+00
6.614990e+00 2.637124e+01 3.188572e+00 6.614990e+00 2.637124e+01 3.188572e+00 3.389325e-04 7.546707e-05 1.155872e-05 2.681314e+00
5.678628e+00 2.590914e+01 3.191540e+00 5.678628e+00 2.590914e+01 3.191540e+00 3.178310e-04 1.074134e-04 1.395436e-05 2.704669e+00
8.314808e+00 2.316389e+01 2.384613e+00 8.314808e+00 2.316389e+01 2.384613e+00 2.047444e-04 1.771999e-05 -5.198292e-06 1.746356e+00
8.345198e+00 2.390263e+01 2.315996e+00 8.345198e+00 2.390263e+01 2.315996e+00 2.348230e-04 1.871968e-05 -9.654766e-06 1.791738e+00
4.897111e+00 1.628425e+01 2.323479e+00 4.897111e+00 1.628425e+01 2.323479e+00 -5.924408e-05 1.308241e-04 8.602687e-05 2.436917e+00
5.017373e+00 1.764326e+01 2.304237e+00 5.017373e+00 1.764326e+01 2.304237e+00 1.439412e-05 4.598477e-05 2.638753e-04 2.228017e+00
5.356243e+00 1.687571e+01 2.282454e+00 5.356243e+00 1.687571e+01 2.282454e+00 1.810632e-05 1.139937e-04 8.674627e-05 2.305905e+00
6.309943e+00 1.801082e+01 2.384999e+00 6.309943e+00 1.801082e+01 2.384999e+00 2.895444e-05 8.835659e-05 2.886541e-05 2.128650e+00
5.828429e+00 1.744886e+01 2.319345e+00 5.828429e+00 1.744886e+01 2.319345e+00 4.683393e-06 8.963823e-05 -3.371481e-05 2.236069e+00
5.105903e+00 2.483477e+01 4.951977e+00 5.105903e+00 2.483477e+01 4.951977e+00 2.955496e-04 1.133801e-04 6.105074e-06 2.913350e+00
4.704860e+00 2.542791e+01 4.248823e+00 4.704860e+00 2.542791e+01 4.248823e+00 3.089471e-04 1.320931e-04 1.492127e-05 3.056491e+00
5.311398e+00 2.550741e+01 4.682274e+00 5.311398e+00 2.550741e+01 4.682274e+00 3.162655e-04 1.075248e-04 9.853944e-06 3.038636e+00
6.078350e+00 2.632391e+01 3.719372e+00 6.078350e+00 2.632391e+01 3.719372e+00 3.395496e-04 8.897474e-05 1.300029e-05 2.975387e+00
5.635978e+00 2.602756e+01 4.250059e+00 5.635978e+00 2.602756e+01 4.250059e+00 3.334042e-04 1.004226e-04 1.276700e-05 3.091683e+00
9.546597e+00 2.015314e+01 2.661305e+00 9.546597e+00 2.015314e+01 2.661305e+00 8.948073e-05 -2.563076e-05 1.999074e-06 1.765194e+00
1.068670e+01 1.972270e+01 2.550405e+00 1.068670e+01 1.972270e+01 2.550405e+00 7.414895e-05 -6.598478e-05 5.857530e-06 1.829765e+00
1.032474e+01 2.109250e+01 2.551601e+00 1.032474e+01 2.109250e+01 2.551601e+00 1.242315e-04 -5.385219e-05 2.564883e-06 1.727176e+00
1.313695e+01 1.879465e+01 2.317025e+00 1.313695e+01 1.879465e+01 2.317025e+00 1.055718e-04 7.597331e-06 4.343531e-04 2.116953e+00
1.188113e+01 1.926576e+01 2.402922e+00 1.188113e+01 1.926576e+01 2.402922e+00 5.870410e-05 -1.084515e-04 7.620458e-06 1.989572e+00
1.235792e+01 1.863445e+01 2.347292e+00 1.235792e+01 1.863445e+01 2.347292e+00 3.488627e-05 -1.229036e-04 1.353429e-05 2.103854e+00
1.079993e+01 1.834307e+01 2.465034e+00 1.079993e+01 1.834307e+01 2.465034e+00 2.553515e-05 -6.494840e-05 1.425322e-06 2.020922e+00
1.157897e+01 1.848491e+01 2.403117e+00 1.157897e+01 1.848491e+01 2.403117e+00 3.054085e-05 -9.758980e-05 1.622699e-05 2.061742e+00
1.198733e+01 2.311420e+01 2.318757e+00 1.198733e+01 2.311420e+01 2.318757e+00 2.129198e-04 -3.637076e-05 -4.945240e-04 1.834098e+00
1.113446e+01 2.208188e+01 2.405084e+00 1.113446e+01 2.208188e+01 2.405084e+00 1.621017e-04 -8.679427e-05 -1.487735e-05 1.788309e+00
1.123466e+01 2.286735e+01 2.348687e+00 1.123466e+01 2.286735e+01 2.348687e+00 2.110106e-04 -6.937925e-05 7.271316e-05 1.806412e+00
9.740589e+00 2.234722e+01 2.468361e+00 9.740589e+00 2.234722e+01 2.468361e+00 1.725205e-04 -3.415222e-05 -1.937913e-06 1.694518e+00
1.048614e+01 2.261082e+01 2.404503e+00 1.048614e+01 2.261082e+01 2.404503e+00 1.805592e-04 -6.110906e-05 7.777989e-06 1.747704e+00
9.902444e+00 2.531047e+01 2.327058e+00 9.902444e+00 2.531047e+01 2.327058e+00 3.016342e-04 -4.079495e-05 3.145424e-06 1.798879e+00
1.061612e+01 2.414300e+01 2.301940e+00 1.061612e+01 2.414300e+01 2.301940e+00 2.401453e-04 -6.696590e-05 1.200868e-05 1.804349e+00
9.893404e+00 2.456179e+01 2.291589e+00 9.893404e+00 2.456179e+01 2.291589e+00 2.825162e-04 -3.167668e-05 -4.673140e-06 1.785187e+00
1.135716e+01 2.524325e+01 2.466110e+00 1.135716e+01 2.524325e+01 2.466110e+00 2.938462e-04 -9.365483e-05 4.558080e-06 2.008074e+00
9.796467e+00 2.308105e+01 2.387832e+00 9.796467e+00 2.308105e+01 2.387832e+00 1.973883e-04 -3.706208e-05 2.499706e-05 1.746745e+00
9.848378e+00 2.381871e+01 2.324207e+00 9.848378e+00 2.381871e+01 2.324207e+00 2.418791e-04 -3.861987e-05 -2.044293e-05 1.793739e+00
1.424660e+01 2.410680e+01 3.207409e+00 1.424660e+01 2.410680e+01 3.207409e+00 2.532069e-04 -2.014906e-04 -1.112868e-05 2.366474e+00
1.285730e+01 2.487450e+01 2.768129e+00 1.285730e+01 2.487450e+01 2.768129e+00 2.786992e-04 -1.499083e-04 -5.033725e-06 2.357147e+00
1.351576e+01 2.485518e+01 3.208061e+00 1.351576e+01 2.485518e+01 3.208061e+00 2.810957e-04 -1.747749e-04 -6.888117e-06 2.661439e+00
1.182277e+01 2.608126e+01 3.199523e+00 1.182277e+01 2.608126e+01 3.199523e+00 3.296077e-04 -1.145876e-04 2.136707e-06 2.808076e+00
1.270166e+01 2.551809e+01 3.205241e+00 1.270166e+01 2.551809e+01 3.205241e+00 3.068990e-04 -1.457956e-04 -1.180850e-06 2.796011e+00
1.240763e+01 1.585224e+01 2.323101e+00 1.240763e+01 1.585224e+01 2.323101e+00 4.971917e-05 -1.077440e-04 2.155606e-04 2.415022e+00
1.245514e+01 1.722100e+01 2.302906e+00 1.245514e+01 1.722100e+01 2.302906e+00 -9.401964e-06 -1.268589e-04 1.696839e-05 2.315365e+00
1.203217e+01 1.649771e+01 2.287177e+00 1.203217e+01 1.649771e+01 2.287177e+00 -4.036072e-05 -9.990473e-05 -2.335206e-04 2.347361e+00
1.121237e+01 1.773377e+01 2.383955e+00 1.121237e+01 1.773377e+01 2.383955e+00 2.406724e-05 -9.991061e-05 8.074091e-05 2.172630e+00
1.162523e+01 1.712133e+01 2.317856e+00 1.162523e+01 1.712133e+01 2.317856e+00 -1.369465e-05 -9.967990e-05 1.923536e-05 2.295645e+00
1.312789e+01 2.437266e+01 4.961474e+00 1.312789e+01 2.437266e+01 4.961474e+00 2.790910e-04 -1.583131e-04 -3.276573e-06 2.987540e+00
1.360270e+01 2.492221e+01 4.266781e+00 1.360270e+01 2.492221e+01 4.266781e+00 2.934961e-04 -1.771908e-04 -6.376145e-06 3.121746e+00
1.300398e+01 2.506593e+01 4.695193e+00 1.300398e+01 2.506593e+01 4.695193e+00 3.022544e-04 -1.553498e-04 -4.132906e-06 3.231265e+00
1.234540e+01 2.597125e+01 3.733503e+00 1.234540e+01 2.597125e+01 3.733503e+00 3.280085e-04 -1.335752e-04 -9.716671e-07 3.191519e+00
1.274581e+01 2.562284e+01 4.264851e+00 1.274581e+01 2.562284e+01 4.264851e+00 3.174267e-04 -1.464705e-04 -3.420433e-06 3.339496e+00
8.811586e+00 1.931727e+01 4.661932e+00 8.811586e+00 1.931727e+01 4.661932e+00 1.103691e-04 -1.275060e-05 -7.087802e-07 2.728430e+00
5.424890e+00 1.492358e+01 2.495513e+00 5.424890e+00 1.492358e+01 2.495513e+00 -8.196255e-05 1.072106e-04 -1.173746e-05 2.776966e+00
6.557097e+00 1.398759e+01 2.764951e+00 6.557097e+00 1.398759e+01 2.764951e+00 -1.048410e-04 7.340393e-05 1.478870e-06 3.077326e+00
9.567636e+00 1.311083e+01 3.745005e+00 9.567636e+00 1.311083e+01 3.745005e+00 -1.283656e-04 -3.226543e-05 -7.974991e-06 3.328009e+00
7.966084e+00 1.332206e+01 3.212984e+00 7.966084e+00 1.332206e+01 3.212984e+00 -1.228600e-04 2.517061e-05 -3.816577e-06 3.304236e+00
9.015113e+00 1.326229e+01 3.213909e+00 9.015113e+00 1.326229e+01 3.213909e+00 -1.246590e-04 -1.093714e-05 -6.901070e-06 3.367783e+00
8.078313e+00 1.429474e+01 2.479684e+00 8.078313e+00 1.429474e+01 2.479684e+00 -9.721128e-05 2.272498e-05 -2.782288e-05 2.889604e+00
8.514152e+00 1.368866e+01 2.771891e+00 8.514152e+00 1.368866e+01 2.771891e+00 -1.123691e-04 9.251076e-06 -1.068916e-06 3.197634e+00
1.173037e+01 1.456017e+01 2.497047e+00 1.173037e+01 1.456017e+01 2.497047e+00 -9.158471e-05 -9.448521e-05 -1.348848e-05 2.758090e+00
1.049471e+01 1.376073e+01 2.766804e+00 1.049471e+01 1.376073e+01 2.766804e+00 -1.120784e-04 -5.591845e-05 -5.815359e-06 3.250818e+00
1.086330e+01 1.436383e+01 2.467921e+00 1.086330e+01 1.436383e+01 2.467921e+00 -9.760855e-05 -5.847917e-05 1.826852e-05 2.918274e+00
9.019201e+00 1.423936e+01 2.479729e+00 9.019201e+00 1.423936e+01 2.479729e+00 -9.833354e-05 -6.233570e-06 -7.863556e-05 2.945715e+00
9.954404e+00 1.426060e+01 2.470298e+00 9.954404e+00 1.426060e+01 2.470298e+00 -9.383627e-05 -3.711842e-05 -8.999993e-05 2.973300e+00
9.162577e+00 2.491704e+01 2.281958e+00 9.162577e+00 2.491704e+01 2.281958e+00 2.787576e-04 -8.469529e-06 -8.249089e-05 1.766704e+00
5.734870e+00 1.615912e+01 2.275694e+00 5.734870e+00 1.615912e+01 2.275694e+00 1.013139e-04 2.308293e-04 -3.586466e-04 2.357129e+00
7.003440e+00 1.648936e+01 2.318674e+00 7.003440e+00 1.648936e+01 2.318674e+00 -3.375594e-05 2.361694e-05 -1.279477e-04 2.332532e+00
9.577324e+00 1.755461e+01 2.465038e+00 9.577324e+00 1.755461e+01 2.465038e+00 9.886858e-07 -2.524244e-05 4.407272e-06 2.093524e+00
8.288820e+00 1.695213e+01 2.403458e+00 8.288820e+00 1.695213e+01 2.403458e+00 -1.724715e-05 1.798328e-05 2.219278e-06 2.206652e+00
9.126263e+00 1.690456e+01 2.403134e+00 9.126263e+00 1.690456e+01 2.403134e+00 -1.874771e-05 -1.257975e-05 1.641046e-06 2.219456e+00
8.201309e+00 1.561700e+01 2.314465e+00 8.201309e+00 1.561700e+01 2.314465e+00 5.851791e-06 -9.436170e-05 2.462874e-04 2.451935e+00
8.667260e+00 1.625882e+01 2.346613e+00 8.667260e+00 1.625882e+01 2.346613e+00 -2.884596e-05 4.694802e-06 -3.947798e-05 2.341537e+00
1.155150e+01 1.581568e+01 2.273819e+00 1.155150e+01 1.581568e+01 2.273819e+00 -2.578443e-04 -6.352859e-05 3.118337e-04 2.305414e+00
1.035638e+01 1.630114e+01 2.315821e+00 1.035638e+01 1.630114e+01 2.315821e+00 -2.452119e-05 -6.545387e-05 3.303454e-05 2.367469e+00
1.074230e+01 1.566696e+01 2.281141e+00 1.074230e+01 1.566696e+01 2.281141e+00 -8.659838e-05 4.397571e-05 9.916285e-05 2.526340e+00
9.060607e+00 1.556846e+01 2.315601e+00 9.060607e+00 1.556846e+01 2.315601e+00 -6.719955e-05 9.830736e-06 4.676768e-06 2.480314e+00
9.911668e+00 1.558456e+01 2.301642e+00 9.911668e+00 1.558456e+01 2.301642e+00 -4.203102e-05 -3.671904e-05 -1.897886e-04 2.522197e+00
6.179841e+00 2.415475e+01 5.183137e+00 6.179841e+00 2.415475e+01 5.183137e+00 2.738209e-04 7.518915e-05 -2.079578e-07 2.764517e+00
7.387615e+00 2.367612e+01 5.125451e+00 7.387615e+00 2.367612e+01 5.125451e+00 2.588306e-04 3.458994e-05 -1.433515e-06 2.849146e+00
9.813276e+00 2.232880e+01 4.921478e+00 9.813276e+00 2.232880e+01 4.921478e+00 2.138401e-04 -4.715063e-05 -4.384994e-07 2.815289e+00
8.607321e+00 2.307191e+01 5.005285e+00 8.607321e+00 2.307191e+01 5.005285e+00 2.388015e-04 -6.177655e-06 -1.261324e-06 2.836916e+00
9.441030e+00 2.302427e+01 5.004539e+00 9.441030e+00 2.302427e+01 5.004539e+00 2.371698e-04 -3.444863e-05 -6.251015e-07 2.859513e+00
8.673834e+00 2.440926e+01 5.124533e+00 8.673834e+00 2.440926e+01 5.124533e+00 2.819766e-04 -9.233102e-06 3.726744e-07 2.938686e+00
9.063213e+00 2.371770e+01 5.079856e+00 9.063213e+00 2.371770e+01 5.079856e+00 2.599435e-04 -2.184373e-05 -3.975268e-07 2.905818e+00
1.197881e+01 2.382104e+01 5.183426e+00 1.197881e+01 2.382104e+01 5.183426e+00 2.628195e-04 -1.182741e-04 -2.883512e-07 2.801509e+00
1.072282e+01 2.348489e+01 5.123538e+00 1.072282e+01 2.348489e+01 5.123538e+00 2.523074e-04 -7.723522e-05 2.688719e-07 2.930370e+00
1.119251e+01 2.406198e+01 5.171963e+00 1.119251e+01 2.406198e+01 5.171963e+00 2.710139e-04 -9.205360e-05 9.385647e-08 3.031564e+00
9.531036e+00 2.435983e+01 5.124163e+00 9.531036e+00 2.435983e+01 5.124163e+00 2.804438e-04 -3.747240e-05 4.402664e-07 2.980113e+00
1.037550e+01 2.424390e+01 5.144280e+00 1.037550e+01 2.424390e+01 5.144280e+00 2.767694e-04 -6.523730e-05 3.397617e-07 3.028534e+00
6.007582e+00 2.541438e+01 4.953424e+00 6.007582e+00 2.541438e+01 4.953424e+00 3.162237e-04 8.166562e-05 5.701947e-06 2.959035e+00
7.235623e+00 2.621668e+01 4.677385e+00 7.235623e+00 2.621668e+01 4.677385e+00 3.397050e-04 4.047938e-05 8.624951e-06 3.134192e+00
1.033759e+01 2.675090e+01 3.701688e+00 1.033759e+01 2.675090e+01 3.701688e+00 3.502142e-04 -6.090127e-05 3.673409e-06 3.082860e+00
8.713263e+00 2.672001e+01 4.226670e+00 8.713263e+00 2.672001e+01 4.226670e+00 3.535574e-04 -7.074379e-06 1.083231e-05 3.200450e+00
9.765475e+00 2.666062e+01 4.227626e+00 9.765475e+00 2.666062e+01 4.227626e+00 3.502465e-04 -4.281409e-05 6.286117e-06 3.272235e+00
8.711910e+00 2.574067e+01 4.958424e+00 8.711910e+00 2.574067e+01 4.958424e+00 3.242116e-04 -1.070909e-05 4.607351e-06 3.137881e+00
9.215790e+00 2.629305e+01 4.666501e+00 9.215790e+00 2.629305e+01 4.666501e+00 3.397946e-04 -2.622886e-05 6.541802e-06 3.276266e+00
1.229907e+01 2.505126e+01 4.960525e+00 1.229907e+01 2.505126e+01 4.960525e+00 3.023432e-04 -1.279535e-04 -2.870764e-06 3.063311e+00
1.117341e+01 2.599111e+01 4.682637e+00 1.117341e+01 2.599111e+01 4.682637e+00 3.304711e-04 -9.070083e-05 -7.198372e-07 3.366443e+00
1.146308e+01 2.534710e+01 4.983104e+00 1.146308e+01 2.534710e+01 4.983104e+00 3.111966e-04 -9.993752e-05 -1.308313e-06 3.212376e+00
9.650656e+00 2.568650e+01 4.958913e+00 9.650656e+00 2.568650e+01 4.958913e+00 3.225861e-04 -4.136223e-05 3.112502e-06 3.210481e+00
1.057466e+01 2.555619e+01 4.973293e+00 1.057466e+01 2.555619e+01 4.973293e+00 3.179503e-04 -7.124978e-05 9.373316e-07 3.253563e+00
1.117819e+01 1.505881e+01 2.321272e+00 1.117819e+01 1.505881e+01 2.321272e+00 -2.497067e-05 -1.707435e-04 1.275715e-04 2.604339e+00
1.169026e+01 2.461965e+01 5.133729e+00 1.169026e+01 2.461965e+01 5.133729e+00 2.881088e-04 -1.075149e-04 -8.370601e-07 3.027544e+00
