1 0 3 2 642
1.179797e+03 5.467900e+02 4.054715e+00 1.441439e-01
4.035906e+00 1.987345e+01 1.112831e+01 4.035906e+00 1.987345e+01 1.112831e+01 5.312556e-07 1.592477e-05 6.246886e-07 1.033862e+00
1.573575e+01 1.989744e+01 1.077837e+01 1.573575e+01 1.989744e+01 1.077837e+01 -4.418844e-08 1.492909e-05 7.233987e-07 1.099347e+00
3.761900e+00 2.044951e+01 4.576653e+00 3.761900e+00 2.044951e+01 4.576653e+00 6.542754e-07 -4.215577e-06 -9.185256e-07 6.359754e-01
1.546723e+01 2.047401e+01 4.228642e+00 1.546723e+01 2.047401e+01 4.228642e+00 2.203753e-07 -5.299197e-06 -9.822583e-07 2.973077e-01
9.949505e+00 1.619245e+01 1.243660e+01 9.949505e+00 1.619245e+01 1.243660e+01 1.846247e-07 2.074339e-05 6.631935e-06 1.065375e+00
9.548999e+00 1.710202e+01 2.596715e+00 9.548999e+00 1.710202e+01 2.596715e+00 4.299794e-07 -1.094036e-05 3.633855e-06 2.701110e+00
9.950483e+00 2.325567e+01 1.273069e+01 9.950483e+00 2.325567e+01 1.273069e+01 2.580251e-07 2.175898e-05 -3.930621e-06 1.634534e+01
9.550055e+00 2.414804e+01 2.893821e+00 9.550055e+00 2.414804e+01 2.893821e+00 5.193067e-07 -1.000412e-05 -7.066294e-06 5.060575e-01
6.014079e+00 1.428919e+01 7.421040e+00 6.014079e+00 1.428919e+01 7.421040e+00 2.681455e-07 4.885408e-06 1.318181e-05 6.465474e-01
6.014969e+00 2.603646e+01 8.180249e+00 6.014969e+00 2.603646e+01 8.180249e+00 3.086288e-07 6.849188e-06 -1.363719e-05 9.089475e-01
1.348446e+01 1.431026e+01 7.164217e+00 1.348446e+01 1.431026e+01 7.164217e+00 2.970713e-07 4.041783e-06 1.317429e-05 6.055026e-01
1.348590e+01 2.605828e+01 7.923627e+00 1.348590e+01 2.605828e+01 7.923627e+00 4.835093e-07 5.961099e-06 -1.365058e-05 8.492057e-01
2.666299e+00 2.015645e+01 7.906500e+00 2.666299e+00 2.015645e+01 7.906500e+00 3.439583e-07 5.950836e-06 -1.508015e-07 9.587833e-01
6.608944e+00 1.766104e+01 1.236392e+01 6.608944e+00 1.766104e+01 1.236392e+01 7.905801e-07 1.978747e-05 4.262171e-06 1.611966e+00
6.632392e+00 2.184898e+01 1.255807e+01 6.632392e+00 2.184898e+01 1.255807e+01 -5.081292e-08 2.044446e-05 -2.760704e-06 7.944062e+00
4.146024e+00 1.655213e+01 9.579729e+00 4.146024e+00 1.655213e+01 9.579729e+00 7.641508e-07 1.131091e-05 8.073513e-06 9.574815e-01
4.170920e+00 2.342716e+01 1.002000e+01 4.170920e+00 2.342716e+01 1.002000e+01 -1.518468e-07 1.238142e-05 -7.534776e-06 1.287028e+00
1.683558e+01 2.018994e+01 7.450972e+00 1.683558e+01 2.018994e+01 7.450972e+00 2.802199e-07 4.614144e-06 -1.143983e-07 5.487959e-01
1.328817e+01 1.765815e+01 1.220468e+01 1.328817e+01 1.765815e+01 1.220468e+01 -3.291905e-07 1.921369e-05 4.537246e-06 1.563340e+00
1.326996e+01 2.187834e+01 1.241570e+01 1.326996e+01 2.187834e+01 1.241570e+01 4.424098e-07 1.992072e-05 -2.940303e-06 7.219913e+00
1.550713e+01 1.656909e+01 9.216897e+00 1.550713e+01 1.656909e+01 9.216897e+00 -1.776304e-07 1.023260e-05 8.183034e-06 7.631302e-01
1.548806e+01 2.346501e+01 9.663586e+00 1.548806e+01 2.346501e+01 9.663586e+00 6.489582e-07 1.126670e-05 -7.556126e-06 1.281998e+00
6.221468e+00 1.846475e+01 2.932486e+00 6.221468e+00 1.846475e+01 2.932486e+00 2.772298e-07 -9.168084e-06 2.983105e-06 1.740943e+00
6.204035e+00 2.269252e+01 3.140914e+00 6.204035e+00 2.269252e+01 3.140914e+00 9.679061e-07 -8.417720e-06 -4.662439e-06 6.327917e-01
4.011474e+00 1.688375e+01 5.691022e+00 4.011474e+00 1.688375e+01 5.691022e+00 1.064621e-08 -5.559465e-07 7.355594e-06 5.824117e-01
3.991650e+00 2.377554e+01 6.136784e+00 3.991650e+00 2.377554e+01 6.136784e+00 7.091365e-07 4.944546e-07 -8.508953e-06 9.602346e-01
1.287588e+01 1.849385e+01 2.793265e+00 1.287588e+01 1.849385e+01 2.793265e+00 7.607803e-07 -9.842171e-06 2.469986e-06 1.834931e+00
1.289831e+01 2.268990e+01 2.983569e+00 1.289831e+01 2.268990e+01 2.983569e+00 -1.187730e-07 -9.211175e-06 -4.596945e-06 4.818912e-01
1.533087e+01 1.692117e+01 5.335505e+00 1.533087e+01 1.692117e+01 5.335505e+00 8.384653e-07 -1.720305e-06 7.170199e-06 3.198476e-01
1.535668e+01 2.379372e+01 5.774532e+00 1.535668e+01 2.379372e+01 5.774532e+00 3.716806e-08 -6.966558e-07 -8.424331e-06 4.942911e-01
9.979613e+00 1.969987e+01 1.293388e+01 9.979613e+00 1.969987e+01 1.293388e+01 1.962895e-07 2.204989e-05 7.619074e-08 8.429313e+00
7.720688e+00 1.426760e+01 1.051566e+01 7.720688e+00 1.426760e+01 1.051566e+01 4.030358e-07 1.444174e-05 1.302866e-05 9.805748e-01
1.203292e+01 1.426578e+01 1.038110e+01 1.203292e+01 1.426578e+01 1.038110e+01 4.852768e-08 1.399766e-05 1.312520e-05 9.470557e-01
9.513589e+00 2.064981e+01 2.371333e+00 9.513589e+00 2.064981e+01 2.371333e+00 2.091157e-07 -1.136135e-05 -5.008134e-08 1.819348e+00
7.478676e+00 1.482262e+01 4.262064e+00 7.478676e+00 1.482262e+01 4.262064e+00 2.237554e-07 -5.285968e-06 1.133217e-05 1.570603e+00
1.176016e+01 1.484704e+01 4.135674e+00 1.176016e+01 1.484704e+01 4.135674e+00 6.332451e-07 -5.799314e-06 1.109905e-05 1.584630e+00
7.733917e+00 2.550719e+01 1.121023e+01 7.733917e+00 2.550719e+01 1.121023e+01 7.552576e-08 1.658451e-05 -1.158738e-05 6.750212e+00
1.202623e+01 2.553207e+01 1.108351e+01 1.202623e+01 2.553207e+01 1.108351e+01 4.906868e-07 1.613324e-05 -1.172585e-05 6.492395e+00
7.470692e+00 2.607327e+01 4.963532e+00 7.470692e+00 2.607327e+01 4.963532e+00 6.535267e-07 -3.101229e-06 -1.358548e-05 9.701097e-01
1.177480e+01 2.607214e+01 4.829556e+00 1.177480e+01 2.607214e+01 4.829556e+00 3.369000e-07 -3.601487e-06 -1.353310e-05 9.360994e-01
9.748096e+00 1.323896e+01 7.209718e+00 9.748096e+00 1.323896e+01 7.209718e+00 3.094228e-07 4.128530e-06 1.613618e-05 5.583881e-01
9.751384e+00 2.710733e+01 8.136881e+00 9.751384e+00 2.710733e+01 8.136881e+00 4.032402e-07 6.901980e-06 -1.660498e-05 1.110367e+00
3.059834e+00 2.001748e+01 9.666635e+00 3.059834e+00 2.001748e+01 9.666635e+00 3.964541e-07 1.084031e-05 2.154755e-07 8.470128e-01
5.133467e+00 1.869078e+01 1.190746e+01 5.133467e+00 1.869078e+01 1.190746e+01 7.461493e-07 1.809250e-05 2.896253e-06 1.367220e+00
5.149184e+00 2.091867e+01 1.203440e+01 5.149184e+00 2.091867e+01 1.203440e+01 1.725338e-07 1.865266e-05 -1.652527e-06 2.983867e+00
3.860250e+00 1.816757e+01 1.050329e+01 3.860250e+00 1.816757e+01 1.050329e+01 6.965193e-07 1.410320e-05 4.341106e-06 8.652950e-01
3.877373e+00 2.166892e+01 1.072287e+01 3.877373e+00 2.166892e+01 1.072287e+01 7.368126e-08 1.459473e-05 -3.455649e-06 1.216770e+00
1.658394e+01 2.004857e+01 9.237256e+00 1.658394e+01 2.004857e+01 9.237256e+00 1.422699e-07 9.561579e-06 2.805399e-07 6.873616e-01
1.471987e+01 1.869802e+01 1.164250e+01 1.471987e+01 1.869802e+01 1.164250e+01 -2.459550e-07 1.723731e-05 3.065806e-06 1.354470e+00
1.470802e+01 2.094954e+01 1.177676e+01 1.470802e+01 2.094954e+01 1.177676e+01 2.382102e-07 1.786794e-05 -1.664521e-06 2.711878e+00
1.586506e+01 1.818815e+01 1.012984e+01 1.586506e+01 1.818815e+01 1.012984e+01 -1.494547e-07 1.305750e-05 4.477313e-06 7.991771e-01
1.585236e+01 2.170120e+01 1.035475e+01 1.585236e+01 2.170120e+01 1.035475e+01 3.834603e-07 1.352673e-05 -3.459003e-06 1.138570e+00
4.786378e+00 1.939550e+01 3.576740e+00 4.786378e+00 1.939550e+01 3.576740e+00 4.152091e-07 -7.188831e-06 1.601809e-06 8.563473e-01
4.773263e+00 2.165241e+01 3.711147e+00 4.773263e+00 2.165241e+01 3.711147e+00 8.874484e-07 -6.488508e-06 -3.207537e-06 6.192388e-01
3.646017e+00 1.864629e+01 5.001547e+00 3.646017e+00 1.864629e+01 5.001547e+00 2.349164e-07 -2.824789e-06 3.278201e-06 5.903115e-01
3.632157e+00 2.215773e+01 5.226318e+00 3.632157e+00 2.215773e+01 5.226318e+00 7.064215e-07 -2.332700e-06 -4.721196e-06 8.123735e-01
1.435645e+01 1.942561e+01 3.323240e+00 1.435645e+01 1.942561e+01 3.323240e+00 5.997003e-07 -8.086889e-06 1.351381e-06 7.090291e-01
1.437384e+01 2.166106e+01 3.449728e+00 1.437384e+01 2.166106e+01 3.449728e+00 -2.418931e-08 -7.433405e-06 -3.201009e-06 4.010777e-01
1.562568e+01 1.867865e+01 4.635044e+00 1.562568e+01 1.867865e+01 4.635044e+00 6.877371e-07 -3.968576e-06 3.113380e-06 3.185185e-01
1.564435e+01 2.217920e+01 4.854134e+00 1.564435e+01 2.217920e+01 4.854134e+00 7.423567e-08 -3.497734e-06 -4.680575e-06 3.242590e-01
9.973572e+00 1.789329e+01 1.286876e+01 9.973572e+00 1.789329e+01 1.286876e+01 1.692407e-07 2.196757e-05 1.826504e-06 3.291173e+00
8.812598e+00 1.504858e+01 1.172609e+01 8.812598e+00 1.504858e+01 1.172609e+01 5.035801e-07 1.832443e-05 1.031702e-05 8.342256e-01
1.103298e+01 1.504285e+01 1.166550e+01 1.103298e+01 1.504285e+01 1.166550e+01 -1.256606e-07 1.807779e-05 1.041622e-05 8.016452e-01
9.521330e+00 1.884695e+01 2.383059e+00 9.521330e+00 1.884695e+01 2.383059e+00 3.814733e-07 -1.128547e-05 4.356451e-07 2.520982e+00
8.486380e+00 1.581994e+01 3.153861e+00 8.486380e+00 1.581994e+01 3.153861e+00 6.794493e-08 -8.951302e-06 7.747633e-06 2.397446e+00
1.066434e+01 1.583760e+01 3.101559e+00 1.066434e+01 1.583760e+01 3.101559e+00 7.979996e-07 -9.202977e-06 7.458777e-06 2.418239e+00
8.831963e+00 2.451843e+01 1.223856e+01 8.831963e+00 2.451843e+01 1.223856e+01 -7.476796e-08 2.003228e-05 -7.951214e-06 1.294245e+01
1.101675e+01 2.453616e+01 1.218669e+01 1.101675e+01 2.453616e+01 1.218669e+01 6.291897e-07 1.982759e-05 -8.096638e-06 1.266515e+01
8.469002e+00 2.529606e+01 3.675149e+00 8.469002e+00 2.529606e+01 3.675149e+00 8.252879e-07 -7.267801e-06 -1.080623e-05 7.339151e-01
1.068481e+01 2.529050e+01 3.614684e+00 1.068481e+01 2.529050e+01 3.614684e+00 2.567527e-07 -7.560399e-06 -1.075729e-05 6.771894e-01
7.747391e+00 1.350379e+01 7.298738e+00 7.747391e+00 1.350379e+01 7.298738e+00 2.951482e-07 4.420613e-06 1.539260e-05 5.865502e-01
7.749817e+00 2.683121e+01 8.184766e+00 7.749817e+00 2.683121e+01 8.184766e+00 3.545701e-07 6.966567e-06 -1.588248e-05 1.017168e+00
2.916169e+00 2.029785e+01 6.119596e+00 2.916169e+00 2.029785e+01 6.119596e+00 4.358160e-07 1.034508e-06 -5.229800e-07 8.128073e-01
3.090471e+00 2.192555e+01 8.976278e+00 3.090471e+00 2.192555e+01 8.976278e+00 1.442010e-07 8.979450e-06 -4.174041e-06 8.240967e-01
3.003576e+00 2.208540e+01 7.050210e+00 3.003576e+00 2.208540e+01 7.050210e+00 4.820132e-07 3.446138e-06 -4.586981e-06 9.645188e-01
3.080467e+00 1.823103e+01 8.738456e+00 3.080467e+00 1.823103e+01 8.738456e+00 5.337604e-07 8.447116e-06 4.252041e-06 9.280634e-01
3.011772e+00 1.838704e+01 6.810541e+00 3.011772e+00 1.838704e+01 6.810541e+00 2.306715e-07 2.920366e-06 3.919273e-06 7.349673e-01
8.261665e+00 1.681141e+01 1.254357e+01 8.261665e+00 1.681141e+01 1.254357e+01 5.664113e-07 2.089296e-05 5.175485e-06 1.418889e+00
5.224689e+00 1.682577e+01 1.121924e+01 5.224689e+00 1.682577e+01 1.121924e+01 8.743114e-07 1.631038e-05 7.013010e-06 8.650974e-01
6.922322e+00 1.576965e+01 1.163282e+01 6.922322e+00 1.576965e+01 1.163282e+01 7.965843e-07 1.779500e-05 8.878143e-06 8.519657e-01
6.552699e+00 1.974201e+01 1.264944e+01 6.552699e+00 1.974201e+01 1.264944e+01 3.644011e-07 2.056950e-05 5.251409e-07 4.442480e+00
8.207361e+00 1.873194e+01 1.286072e+01 8.207361e+00 1.873194e+01 1.286072e+01 4.203054e-07 2.167008e-05 1.124970e-06 4.600457e+00
8.279266e+00 2.263638e+01 1.276623e+01 8.279266e+00 2.263638e+01 1.276623e+01 -3.691268e-08 2.161733e-05 -2.943082e-06 1.398058e+01
8.214800e+00 2.068865e+01 1.289814e+01 8.214800e+00 2.068865e+01 1.289814e+01 1.475220e-07 2.176015e-05 -3.192041e-07 1.001141e+01
5.254788e+00 2.287072e+01 1.157790e+01 5.254788e+00 2.287072e+01 1.157790e+01 -2.022843e-07 1.734564e-05 -5.764679e-06 3.896172e+00
6.954130e+00 2.383362e+01 1.207872e+01 6.954130e+00 2.383362e+01 1.207872e+01 -3.054769e-07 1.925378e-05 -7.057908e-06 8.911940e+00
4.879234e+00 1.521097e+01 8.495581e+00 4.879234e+00 1.521097e+01 8.495581e+00 6.019028e-07 8.038708e-06 1.124284e-05 8.450099e-01
3.690541e+00 1.664041e+01 7.642662e+00 3.690541e+00 1.664041e+01 7.642662e+00 3.586140e-07 5.385187e-06 7.989011e-06 7.399045e-01
5.759890e+00 1.519569e+01 1.021033e+01 5.759890e+00 1.519569e+01 1.021033e+01 6.438002e-07 1.345737e-05 1.106333e-05 9.826943e-01
4.897312e+00 2.494275e+01 9.128616e+00 4.897312e+00 2.494275e+01 9.128616e+00 -5.163093e-08 9.627841e-06 -1.117491e-05 1.073603e+00
5.782140e+00 2.464651e+01 1.080525e+01 5.782140e+00 2.464651e+01 1.080525e+01 -1.062144e-07 1.516328e-05 -1.004919e-05 3.551150e+00
3.692187e+00 2.367607e+01 8.102971e+00 3.692187e+00 2.367607e+01 8.102971e+00 2.549778e-07 6.477290e-06 -8.313734e-06 8.329194e-01
1.644292e+01 2.032914e+01 5.690750e+00 1.644292e+01 2.032914e+01 5.690750e+00 3.325947e-07 -2.512175e-07 -5.320376e-07 3.921888e-01
1.649657e+01 1.826032e+01 8.306912e+00 1.649657e+01 1.826032e+01 8.306912e+00 6.831996e-08 7.153948e-06 4.306234e-06 5.271244e-01
1.641154e+01 1.842127e+01 6.381242e+00 1.641154e+01 1.842127e+01 6.381242e+00 5.101188e-07 1.615723e-06 3.875672e-06 3.798960e-01
1.648917e+01 2.196011e+01 8.546609e+00 1.648917e+01 2.196011e+01 8.546609e+00 4.226612e-07 7.680807e-06 -4.140421e-06 7.112854e-01
1.642249e+01 2.211533e+01 6.618867e+00 1.642249e+01 2.211533e+01 6.618867e+00 2.064019e-07 2.132442e-06 -4.525747e-06 4.804905e-01
1.164542e+01 1.680825e+01 1.247300e+01 1.164542e+01 1.680825e+01 1.247300e+01 -1.682170e-07 2.056066e-05 5.381756e-06 1.349815e+00
1.337489e+01 1.975414e+01 1.250625e+01 1.337489e+01 1.975414e+01 1.250625e+01 6.913859e-08 2.003879e-05 6.069306e-07 4.101077e+00
1.174073e+01 1.873436e+01 1.281293e+01 1.174073e+01 1.873436e+01 1.281293e+01 -2.255693e-08 2.137543e-05 1.365524e-06 4.411550e+00
1.457046e+01 1.683091e+01 1.094361e+01 1.457046e+01 1.683091e+01 1.094361e+01 -3.420224e-07 1.545825e-05 7.214365e-06 9.415280e-01
1.291100e+01 1.576550e+01 1.146813e+01 1.291100e+01 1.576550e+01 1.146813e+01 -3.359746e-07 1.720210e-05 9.085351e-06 7.799954e-01
1.163070e+01 2.265387e+01 1.271279e+01 1.163070e+01 2.265387e+01 1.271279e+01 4.897779e-07 2.132165e-05 -3.167587e-06 1.340947e+01
1.454795e+01 2.290719e+01 1.131488e+01 1.454795e+01 2.290719e+01 1.131488e+01 6.146489e-07 1.650628e-05 -5.876653e-06 3.496290e+00
1.288567e+01 2.386587e+01 1.193045e+01 1.288567e+01 2.386587e+01 1.193045e+01 7.428828e-07 1.868263e-05 -7.258345e-06 8.233000e+00
1.173433e+01 2.069950e+01 1.286120e+01 1.173433e+01 2.069950e+01 1.286120e+01 2.742658e-07 2.147983e-05 -4.068700e-07 9.559268e+00
1.469207e+01 1.522683e+01 8.174667e+00 1.469207e+01 1.522683e+01 8.174667e+00 -2.303136e-08 7.038407e-06 1.129646e-05 5.895720e-01
1.395643e+01 1.520232e+01 9.955153e+00 1.395643e+01 1.520232e+01 9.955153e+00 -1.133237e-07 1.268380e-05 1.119653e-05 8.583879e-01
1.580838e+01 1.667020e+01 7.251527e+00 1.580838e+01 1.667020e+01 7.251527e+00 3.003861e-07 4.190762e-06 7.984784e-06 4.049760e-01
1.467827e+01 2.497831e+01 8.811858e+00 1.467827e+01 2.497831e+01 8.811858e+00 6.411516e-07 8.596794e-06 -1.115067e-05 1.099012e+00
1.581080e+01 2.370680e+01 7.711760e+00 1.581080e+01 2.370680e+01 7.711760e+00 3.744066e-07 5.244910e-06 -8.270044e-06 6.588549e-01
1.394194e+01 2.468006e+01 1.055968e+01 1.394194e+01 2.468006e+01 1.055968e+01 6.313543e-07 1.426998e-05 -1.009344e-05 3.267284e+00
7.863450e+00 1.769423e+01 2.622386e+00 7.863450e+00 1.769423e+01 2.622386e+00 2.988309e-07 -1.038529e-05 3.076738e-06 2.478968e+00
6.109482e+00 2.059603e+01 2.841303e+00 6.109482e+00 2.059603e+01 2.841303e+00 5.522835e-07 -9.375506e-06 -5.582401e-07 1.132857e+00
7.739059e+00 1.964878e+01 2.470932e+00 7.739059e+00 1.964878e+01 2.470932e+00 4.207714e-07 -1.071745e-05 5.599613e-07 2.021106e+00
4.949329e+00 1.743944e+01 4.039154e+00 4.949329e+00 1.743944e+01 4.039154e+00 7.021599e-08 -5.786257e-06 5.790029e-06 1.031976e+00
6.613828e+00 1.648355e+01 3.417253e+00 6.613828e+00 1.648355e+01 3.417253e+00 -1.333289e-10 -7.808517e-06 7.039832e-06 1.895748e+00
7.850704e+00 2.353784e+01 2.860712e+00 7.850704e+00 2.353784e+01 2.860712e+00 8.372915e-07 -9.828317e-06 -5.680568e-06 5.693421e-01
4.926263e+00 2.351597e+01 4.408762e+00 4.926263e+00 2.351597e+01 4.408762e+00 9.338785e-07 -4.665166e-06 -7.457105e-06 7.321812e-01
6.588440e+00 2.457802e+01 3.877178e+00 6.588440e+00 2.457802e+01 3.877178e+00 9.923197e-07 -6.409804e-06 -9.401009e-06 7.076223e-01
7.740473e+00 2.161584e+01 2.517151e+00 7.740473e+00 2.161584e+01 2.517151e+00 4.613587e-07 -1.076031e-05 -1.354590e-06 1.144219e+00
4.822092e+00 1.537120e+01 6.537898e+00 4.822092e+00 1.537120e+01 6.537898e+00 2.093790e-08 2.195659e-06 1.086988e-05 5.773462e-01
5.559989e+00 1.566995e+01 4.790784e+00 5.559989e+00 1.566995e+01 4.790784e+00 1.131525e-07 -3.559067e-06 9.854579e-06 9.803213e-01
4.807697e+00 2.511739e+01 7.174413e+00 4.807697e+00 2.511739e+01 7.174413e+00 5.558276e-07 3.751683e-06 -1.167220e-05 8.866379e-01
5.545075e+00 2.514103e+01 5.393672e+00 5.545075e+00 2.514103e+01 5.393672e+00 7.019507e-07 -1.830206e-06 -1.153031e-05 9.479213e-01
1.122525e+01 1.771316e+01 2.566545e+00 1.122525e+01 1.771316e+01 2.566545e+00 5.763262e-07 -1.063644e-05 2.472832e-06 2.519771e+00
1.424808e+01 1.747530e+01 3.778484e+00 1.424808e+01 1.747530e+01 3.778484e+00 9.415802e-07 -6.744680e-06 5.382161e-06 9.477151e-01
1.254552e+01 1.651598e+01 3.269213e+00 1.254552e+01 1.651598e+01 3.269213e+00 9.373016e-07 -8.434927e-06 6.496172e-06 1.953142e+00
1.296394e+01 2.060877e+01 2.703184e+00 1.296394e+01 2.060877e+01 2.703184e+00 3.801307e-07 -1.011964e-05 -6.660197e-07 1.118566e+00
1.131185e+01 1.966022e+01 2.432030e+00 1.131185e+01 1.966022e+01 2.432030e+00 4.148516e-07 -1.111758e-05 2.597920e-07 2.083731e+00
1.124112e+01 2.353398e+01 2.789472e+00 1.124112e+01 2.353398e+01 2.789472e+00 1.157947e-07 -1.034664e-05 -5.595379e-06 4.808408e-01
1.131066e+01 2.161683e+01 2.467853e+00 1.131066e+01 2.161683e+01 2.467853e+00 3.445845e-07 -1.138575e-05 -1.314067e-06 1.133792e+00
1.427893e+01 2.352244e+01 4.134741e+00 1.427893e+01 2.352244e+01 4.134741e+00 -1.322203e-07 -5.644888e-06 -7.393213e-06 4.625092e-01
1.257753e+01 2.457431e+01 3.713007e+00 1.257753e+01 2.457431e+01 3.713007e+00 -7.479863e-08 -7.129237e-06 -9.313092e-06 5.377964e-01
1.460278e+01 1.540609e+01 6.221406e+00 1.460278e+01 1.540609e+01 6.221406e+00 6.514295e-07 1.136661e-06 1.073513e-05 3.544230e-01
1.371528e+01 1.570267e+01 4.545952e+00 1.371528e+01 1.570267e+01 4.545952e+00 7.508634e-07 -4.449048e-06 9.553650e-06 8.535186e-01
1.462131e+01 2.513445e+01 6.853670e+00 1.462131e+01 2.513445e+01 6.853670e+00 2.026038e-07 2.661796e-06 -1.161723e-05 6.011292e-01
1.373814e+01 2.514906e+01 5.139167e+00 1.373814e+01 2.514906e+01 5.139167e+00 1.032495e-07 -2.699840e-06 -1.149646e-05 6.990003e-01
9.972587e+00 2.150892e+01 1.292707e+01 9.972587e+00 2.150892e+01 1.292707e+01 2.536483e-07 2.210223e-05 -3.906728e-07 1.440151e+01
6.772089e+00 1.399684e+01 8.997876e+00 6.772089e+00 1.399684e+01 8.997876e+00 2.162418e-07 9.873689e-06 1.407770e-05 8.724121e-01
9.880858e+00 1.393843e+01 1.053273e+01 9.880858e+00 1.393843e+01 1.053273e+01 2.065233e-07 1.453871e-05 1.381912e-05 9.628662e-01
8.766959e+00 1.341060e+01 8.994728e+00 8.766959e+00 1.341060e+01 8.994728e+00 2.321406e-07 9.719334e-06 1.558483e-05 8.214382e-01
1.286097e+01 1.400701e+01 8.795058e+00 1.286097e+01 1.400701e+01 8.795058e+00 3.287214e-07 9.250058e-06 1.413077e-05 8.346163e-01
1.087294e+01 1.341280e+01 8.923829e+00 1.087294e+01 1.341280e+01 8.923829e+00 2.709095e-07 9.489804e-06 1.560541e-05 8.276596e-01
9.523877e+00 2.245039e+01 2.445239e+00 9.523877e+00 2.245039e+01 2.445239e+00 3.872488e-07 -1.126884e-05 -2.120682e-06 8.704885e-01
6.635285e+00 1.428850e+01 5.764005e+00 6.635285e+00 1.428850e+01 5.764005e+00 4.800603e-07 -5.227875e-07 1.322162e-05 7.425715e-01
9.616357e+00 1.452772e+01 4.078822e+00 9.616357e+00 1.452772e+01 4.078822e+00 4.289700e-07 -5.975862e-06 1.171498e-05 1.806047e+00
8.624014e+00 1.372120e+01 5.555126e+00 8.624014e+00 1.372120e+01 5.555126e+00 4.042780e-07 -1.153378e-06 1.456267e-05 8.920616e-01
1.272320e+01 1.430987e+01 5.565151e+00 1.272320e+01 1.430987e+01 5.565151e+00 2.848845e-07 -1.208449e-06 1.312827e-05 5.705478e-01
1.072816e+01 1.373049e+01 5.486107e+00 1.072816e+01 1.373049e+01 5.486107e+00 3.637477e-07 -1.412170e-06 1.453489e-05 8.510872e-01
6.771486e+00 2.604014e+01 9.780907e+00 6.771486e+00 2.604014e+01 9.780907e+00 3.896387e-07 1.208429e-05 -1.363046e-05 2.287457e+00
9.883474e+00 2.582778e+01 1.126728e+01 9.883474e+00 2.582778e+01 1.126728e+01 2.963391e-07 1.685697e-05 -1.222610e-05 8.017397e+00
8.769298e+00 2.662116e+01 9.860837e+00 8.769298e+00 2.662116e+01 9.860837e+00 3.404088e-07 1.228030e-05 -1.504289e-05 3.184762e+00
1.286880e+01 2.606237e+01 9.581660e+00 1.286880e+01 2.606237e+01 9.581660e+00 3.566128e-07 1.132405e-05 -1.364950e-05 2.252383e+00
1.087760e+01 2.663080e+01 9.791567e+00 1.087760e+01 2.663080e+01 9.791567e+00 3.329323e-07 1.202297e-05 -1.505598e-05 3.118514e+00
6.642243e+00 2.633577e+01 6.549967e+00 6.642243e+00 2.633577e+01 6.549967e+00 3.332776e-07 1.704374e-06 -1.454158e-05 9.031730e-01
9.618829e+00 2.639949e+01 4.812642e+00 9.618829e+00 2.639949e+01 4.812642e+00 5.393763e-07 -3.630993e-06 -1.425631e-05 9.886727e-01
8.628189e+00 2.692812e+01 6.422123e+00 8.628189e+00 2.692812e+01 6.422123e+00 4.350645e-07 1.481455e-06 -1.607294e-05 8.951587e-01
1.272376e+01 2.634695e+01 6.347805e+00 1.272376e+01 2.634695e+01 6.347805e+00 5.076212e-07 1.040241e-06 -1.451547e-05 8.502184e-01
1.073091e+01 2.693069e+01 6.351498e+00 1.073091e+01 2.693069e+01 6.351498e+00 5.002885e-07 1.248248e-06 -1.604851e-05 9.262851e-01
1.174952e+01 1.351510e+01 7.161075e+00 1.174952e+01 1.351510e+01 7.161075e+00 3.088010e-07 3.967419e-06 1.540954e-05 5.908289e-01
1.175235e+01 2.684307e+01 8.047150e+00 1.175235e+01 2.684307e+01 8.047150e+00 4.420548e-07 6.507781e-06 -1.586586e-05 1.017206e+00
3.485256e+00 1.994910e+01 1.044870e+01 3.485256e+00 1.994910e+01 1.044870e+01 4.426158e-07 1.321994e-05 3.988994e-07 8.492845e-01
4.525426e+00 1.926619e+01 1.155625e+01 4.525426e+00 1.926619e+01 1.155625e+01 6.459001e-07 1.702011e-05 1.858983e-06 1.177226e+00
4.534523e+00 2.040632e+01 1.162627e+01 4.534523e+00 2.040632e+01 1.162627e+01 3.207229e-07 1.737347e-05 -6.247571e-07 1.646102e+00
3.892553e+00 1.902205e+01 1.085805e+01 3.892553e+00 1.902205e+01 1.085805e+01 6.147814e-07 1.516959e-05 2.451269e-06 8.722147e-01
3.901618e+00 2.076198e+01 1.096653e+01 3.901618e+00 2.076198e+01 1.096653e+01 2.847315e-07 1.539216e-05 -1.402283e-06 1.111300e+00
1.622541e+01 1.997718e+01 1.005267e+01 1.622541e+01 1.997718e+01 1.005267e+01 5.277037e-08 1.210267e-05 4.760652e-07 8.478560e-01
1.529100e+01 1.928121e+01 1.124362e+01 1.529100e+01 1.928121e+01 1.124362e+01 -1.704704e-07 1.615397e-05 2.001816e-06 1.170550e+00
1.528370e+01 2.043424e+01 1.131721e+01 1.528370e+01 2.043424e+01 1.131721e+01 1.210597e-07 1.653029e-05 -5.863699e-07 1.562828e+00
1.585982e+01 1.904458e+01 1.049207e+01 1.585982e+01 1.904458e+01 1.049207e+01 -9.535379e-08 1.413287e-05 2.574287e-06 8.893192e-01
1.585313e+01 2.079004e+01 1.060375e+01 1.585313e+01 2.079004e+01 1.060375e+01 1.841054e-07 1.435214e-05 -1.364505e-06 1.081632e+00
4.212784e+00 1.991249e+01 4.037038e+00 4.212784e+00 1.991249e+01 4.037038e+00 5.178036e-07 -5.843218e-06 4.573962e-07 6.379763e-01
4.204445e+00 2.106732e+01 4.111165e+00 4.204445e+00 2.106732e+01 4.111165e+00 8.074133e-07 -5.417959e-06 -2.182304e-06 6.156585e-01
3.644896e+00 1.955711e+01 4.752131e+00 3.644896e+00 1.955711e+01 4.752131e+00 4.248057e-07 -3.643388e-06 1.176420e-06 6.000478e-01
3.637279e+00 2.130182e+01 4.863984e+00 3.637279e+00 2.130182e+01 4.863984e+00 6.813166e-07 -3.412725e-06 -2.799286e-06 7.056032e-01
1.496917e+01 1.994038e+01 3.731007e+00 1.496917e+01 1.994038e+01 3.731007e+00 4.320501e-07 -6.836921e-06 2.974557e-07 4.263695e-01
1.497982e+01 2.108364e+01 3.801560e+00 1.497982e+01 2.108364e+01 3.801560e+00 7.373847e-08 -6.415097e-06 -2.213996e-06 3.394495e-01
1.560149e+01 1.958550e+01 4.391169e+00 1.560149e+01 1.958550e+01 4.391169e+00 4.844005e-07 -4.758048e-06 1.057445e-06 3.132101e-01
1.561187e+01 2.132500e+01 4.499695e+00 1.561187e+01 2.132500e+01 4.499695e+00 1.490076e-07 -4.538636e-06 -2.794447e-06 3.146506e-01
9.963885e+00 1.701825e+01 1.271700e+01 9.963885e+00 1.701825e+01 1.271700e+01 1.640104e-07 2.161420e-05 4.101377e-06 1.805789e+00
9.381607e+00 1.559014e+01 1.214865e+01 9.381607e+00 1.559014e+01 1.214865e+01 4.201554e-07 1.975431e-05 8.511534e-06 8.518409e-01
1.049611e+01 1.558692e+01 1.212130e+01 1.049611e+01 1.558692e+01 1.212130e+01 -6.635689e-08 1.962597e-05 8.576162e-06 8.261902e-01
9.534346e+00 1.796057e+01 2.442900e+00 9.534346e+00 1.796057e+01 2.442900e+00 4.575662e-07 -1.127772e-05 1.571065e-06 2.683481e+00
9.018264e+00 1.644128e+01 2.806320e+00 9.018264e+00 1.644128e+01 2.806320e+00 1.496400e-07 -1.014710e-05 5.631696e-06 2.619573e+00
1.010191e+01 1.645069e+01 2.783957e+00 1.010191e+01 1.645069e+01 2.783957e+00 7.018203e-07 -1.026215e-05 5.424628e-06 2.630028e+00
9.395937e+00 2.390580e+01 1.255013e+01 9.395937e+00 2.390580e+01 1.255013e+01 1.753269e-08 2.108639e-05 -5.853220e-06 1.536111e+01
1.048333e+01 2.391514e+01 1.252844e+01 1.048333e+01 2.391514e+01 1.252844e+01 5.325014e-07 2.097471e-05 -5.939211e-06 1.520995e+01
9.004691e+00 2.475294e+01 3.214886e+00 9.004691e+00 2.475294e+01 3.214886e+00 7.655922e-07 -8.838505e-06 -8.990304e-06 5.906864e-01
1.011703e+01 2.474967e+01 3.187426e+00 1.011703e+01 2.474967e+01 3.187426e+00 3.335165e-07 -9.004913e-06 -8.956890e-06 5.533016e-01
6.832503e+00 1.383810e+01 7.356075e+00 6.832503e+00 1.383810e+01 7.356075e+00 2.783149e-07 4.667470e-06 1.449134e-05 6.093070e-01
6.834162e+00 2.649193e+01 8.189424e+00 6.834162e+00 2.649193e+01 8.189424e+00 3.204511e-07 6.871622e-06 -1.493554e-05 9.407821e-01
2.711045e+00 2.022724e+01 6.998657e+00 2.711045e+00 2.022724e+01 6.998657e+00 3.696273e-07 3.482972e-06 -3.400405e-07 9.186006e-01
2.785545e+00 2.106298e+01 8.433595e+00 2.785545e+00 2.106298e+01 8.433595e+00 2.782308e-07 7.384983e-06 -2.211955e-06 9.101006e-01
2.745331e+00 2.113780e+01 7.495329e+00 2.745331e+00 2.113780e+01 7.495329e+00 3.736041e-07 4.781948e-06 -2.404410e-06 9.641022e-01
2.782590e+00 1.917593e+01 8.311894e+00 2.782590e+00 1.917593e+01 8.311894e+00 4.053518e-07 7.113210e-06 2.095685e-06 9.393045e-01
2.747522e+00 1.924983e+01 7.373095e+00 2.747522e+00 1.924983e+01 7.373095e+00 3.218411e-07 4.511543e-06 1.921447e-06 8.850576e-01
7.423068e+00 1.721162e+01 1.248574e+01 7.423068e+00 1.721162e+01 1.248574e+01 7.152482e-07 2.044317e-05 4.700969e-06 1.567869e+00
5.890306e+00 1.718298e+01 1.186865e+01 5.890306e+00 1.718298e+01 1.186865e+01 8.859502e-07 1.825363e-05 5.811528e-06 1.014261e+00
6.710045e+00 1.668554e+01 1.205152e+01 6.710045e+00 1.668554e+01 1.205152e+01 8.691525e-07 1.901292e-05 6.532330e-06 1.012293e+00
6.564734e+00 1.868748e+01 1.255939e+01 6.564734e+00 1.868748e+01 1.255939e+01 5.747435e-07 2.031956e-05 2.242875e-06 2.772524e+00
7.376341e+00 1.820256e+01 1.268865e+01 7.376341e+00 1.820256e+01 1.268865e+01 5.956675e-07 2.096761e-05 2.587761e-06 2.820527e+00
7.445740e+00 2.226159e+01 1.269416e+01 7.445740e+00 2.226159e+01 1.269416e+01 -8.684722e-08 2.112139e-05 -2.879260e-06 1.105841e+01
7.390594e+00 2.125118e+01 1.279354e+01 7.390594e+00 2.125118e+01 1.279354e+01 7.179535e-08 2.128481e-05 -1.286095e-06 9.388460e+00
5.919501e+00 2.240817e+01 1.215237e+01 5.919501e+00 2.240817e+01 1.215237e+01 -1.704202e-07 1.917374e-05 -4.367279e-06 5.943940e+00
6.741431e+00 2.286141e+01 1.236581e+01 6.741431e+00 2.286141e+01 1.236581e+01 -2.505353e-07 1.998680e-05 -4.769150e-06 8.837206e+00
4.458834e+00 1.583631e+01 9.048177e+00 4.458834e+00 1.583631e+01 9.048177e+00 7.192635e-07 9.681013e-06 9.775144e-06 9.304885e-01
3.821161e+00 1.657568e+01 8.634880e+00 3.821161e+00 1.657568e+01 8.634880e+00 6.102271e-07 8.371140e-06 8.105227e-06 8.882293e-01
4.894522e+00 1.583130e+01 9.933351e+00 4.894522e+00 1.583130e+01 9.933351e+00 7.482855e-07 1.254826e-05 9.694507e-06 9.715690e-01
4.481729e+00 2.422786e+01 9.590561e+00 4.481729e+00 2.422786e+01 9.590561e+00 -1.391917e-07 1.102370e-05 -9.435016e-06 1.202418e+00
4.919840e+00 2.407100e+01 1.045737e+01 4.919840e+00 2.407100e+01 1.045737e+01 -1.698403e-07 1.393060e-05 -8.905296e-06 2.174039e+00
3.837113e+00 2.357088e+01 9.089332e+00 3.837113e+00 2.357088e+01 9.089332e+00 2.724997e-09 9.457426e-06 -8.000624e-06 8.728074e-01
1.671893e+01 2.026021e+01 6.549759e+00 1.671893e+01 2.026021e+01 6.549759e+00 3.231484e-07 2.154290e-06 -3.230419e-07 5.054071e-01
1.675581e+01 1.920834e+01 7.862286e+00 1.675581e+01 1.920834e+01 7.862286e+00 2.063547e-07 5.794065e-06 2.141828e-06 4.759485e-01
1.671639e+01 1.928345e+01 6.924113e+00 1.671639e+01 1.928345e+01 6.924113e+00 3.562847e-07 3.186152e-06 1.936390e-06 4.662348e-01
1.675410e+01 2.109678e+01 7.984487e+00 1.675410e+01 2.109678e+01 7.984487e+00 3.140915e-07 6.054529e-06 -2.170687e-06 6.134115e-01
1.671988e+01 2.117050e+01 7.045813e+00 1.671988e+01 2.117050e+01 7.045813e+00 2.776299e-07 3.445561e-06 -2.363391e-06 5.558845e-01
1.248231e+01 1.720743e+01 1.237414e+01 1.248231e+01 1.720743e+01 1.237414e+01 -2.837465e-07 1.998817e-05 4.973134e-06 1.492369e+00
1.335401e+01 1.869043e+01 1.240904e+01 1.335401e+01 1.869043e+01 1.240904e+01 -1.165283e-07 1.976438e-05 2.450308e-06 2.613221e+00
1.255295e+01 1.820215e+01 1.258811e+01 1.255295e+01 1.820215e+01 1.258811e+01 -1.604197e-07 2.051804e-05 2.852220e-06 2.681545e+00
1.396226e+01 1.718260e+01 1.164949e+01 1.396226e+01 1.718260e+01 1.164949e+01 -3.767700e-07 1.750784e-05 6.051120e-06 1.058478e+00
1.315797e+01 1.668147e+01 1.188571e+01 1.315797e+01 1.668147e+01 1.188571e+01 -3.968703e-07 1.839929e-05 6.786836e-06 9.789887e-01
1.246389e+01 2.228622e+01 1.260205e+01 1.246389e+01 2.228622e+01 1.260205e+01 5.002309e-07 2.070402e-05 -3.118399e-06 1.031169e+01
1.393996e+01 2.244265e+01 1.194872e+01 1.393996e+01 2.244265e+01 1.194872e+01 5.633090e-07 1.849966e-05 -4.525717e-06 5.337801e+00
1.313285e+01 2.289332e+01 1.221852e+01 1.313285e+01 2.289332e+01 1.221852e+01 6.634832e-07 1.945567e-05 -4.995767e-06 8.079099e+00
1.254160e+01 2.127102e+01 1.270857e+01 1.254160e+01 2.127102e+01 1.270857e+01 3.338765e-07 2.088145e-05 -1.445986e-06 8.739043e+00
1.515354e+01 1.585222e+01 8.702690e+00 1.515354e+01 1.585222e+01 8.702690e+00 -1.216505e-07 8.681606e-06 9.863930e-06 6.329125e-01
1.479285e+01 1.584267e+01 9.620840e+00 1.479285e+01 1.584267e+01 9.620840e+00 -1.777837e-07 1.159442e-05 9.810363e-06 7.119956e-01
1.575555e+01 1.659937e+01 8.249774e+00 1.575555e+01 1.659937e+01 8.249774e+00 -1.058077e-09 7.205667e-06 8.155171e-06 6.057325e-01
1.513596e+01 2.426576e+01 9.250577e+00 1.513596e+01 2.426576e+01 9.250577e+00 6.737743e-07 9.965204e-06 -9.459610e-06 1.260864e+00
1.574410e+01 2.360618e+01 8.707478e+00 1.574410e+01 2.360618e+01 8.707478e+00 5.642667e-07 8.250491e-06 -7.980988e-06 9.533379e-01
1.477469e+01 2.410770e+01 1.015321e+01 1.477469e+01 2.410770e+01 1.015321e+01 6.260297e-07 1.297706e-05 -8.959089e-06 2.042149e+00
7.028055e+00 1.805826e+01 2.740522e+00 7.028055e+00 1.805826e+01 2.740522e+00 2.731594e-07 -9.848904e-06 3.117634e-06 2.168056e+00
6.140027e+00 1.952119e+01 2.838591e+00 6.140027e+00 1.952119e+01 2.838591e+00 4.533230e-07 -9.450805e-06 1.187909e-06 1.474893e+00
6.942317e+00 1.907363e+01 2.633665e+00 6.942317e+00 1.907363e+01 2.633665e+00 4.131623e-07 -1.014245e-05 1.534920e-06 1.948462e+00
5.555015e+00 1.790207e+01 3.403337e+00 5.555015e+00 1.790207e+01 3.403337e+00 1.462011e-07 -7.721615e-06 4.450770e-06 1.403662e+00
6.362656e+00 1.745227e+01 3.129803e+00 6.362656e+00 1.745227e+01 3.129803e+00 8.382366e-08 -8.611086e-06 4.922118e-06 1.877237e+00
7.011607e+00 2.314130e+01 2.965234e+00 7.011607e+00 2.314130e+01 2.965234e+00 9.363073e-07 -9.213548e-06 -5.189110e-06 6.109505e-01
5.532441e+00 2.316606e+01 3.700445e+00 5.532441e+00 2.316606e+01 3.700445e+00 9.985846e-07 -6.715099e-06 -6.230538e-06 6.178572e-01
6.337973e+00 2.366565e+01 3.459692e+00 6.337973e+00 2.366565e+01 3.459692e+00 1.028883e-06 -7.584882e-06 -6.982892e-06 6.035475e-01
6.935449e+00 2.214966e+01 2.751021e+00 6.935449e+00 2.214966e+01 2.751021e+00 7.519079e-07 -9.785588e-06 -2.909867e-06 8.203629e-01
4.364125e+00 1.608360e+01 6.101883e+00 4.364125e+00 1.608360e+01 6.101883e+00 -6.385810e-09 7.835677e-07 9.202473e-06 5.768234e-01
4.725543e+00 1.624131e+01 5.199642e+00 4.725543e+00 1.624131e+01 5.199642e+00 2.863238e-08 -2.198460e-06 8.738669e-06 7.161974e-01
4.346000e+00 2.449199e+01 6.648744e+00 4.346000e+00 2.449199e+01 6.648744e+00 6.445985e-07 2.090863e-06 -1.019512e-05 9.479173e-01
4.706957e+00 2.450180e+01 5.730559e+00 4.706957e+00 2.450180e+01 5.730559e+00 7.161818e-07 -8.080461e-07 -1.013469e-05 9.507021e-01
1.206153e+01 1.808365e+01 2.648655e+00 1.206153e+01 1.808365e+01 2.648655e+00 7.051694e-07 -1.036179e-05 2.505755e-06 2.246287e+00
1.358536e+01 1.793607e+01 3.202651e+00 1.358536e+01 1.793607e+01 3.202651e+00 9.029195e-07 -8.530577e-06 3.994909e-06 1.451773e+00
1.276250e+01 1.748436e+01 2.983787e+00 1.276250e+01 1.748436e+01 2.983787e+00 9.285318e-07 -9.268405e-06 4.357193e-06 1.963302e+00
1.293890e+01 1.954288e+01 2.703311e+00 1.293890e+01 1.954288e+01 2.703311e+00 5.634665e-07 -1.014413e-05 8.724194e-07 1.541890e+00
1.212609e+01 1.909413e+01 2.551085e+00 1.212609e+01 1.909413e+01 2.551085e+00 5.783837e-07 -1.072587e-05 1.100081e-06 2.036607e+00
1.208205e+01 2.313672e+01 2.853952e+00 1.208205e+01 2.313672e+01 2.853952e+00 -3.399508e-08 -9.902743e-06 -5.067380e-06 4.844506e-01
1.213424e+01 2.214900e+01 2.651556e+00 1.213424e+01 2.214900e+01 2.651556e+00 1.048332e-07 -1.050090e-05 -2.812022e-06 7.388693e-01
1.361489e+01 2.316654e+01 3.483225e+00 1.361489e+01 2.316654e+01 3.483225e+00 -1.614198e-07 -7.600338e-06 -6.143957e-06 4.164037e-01
1.279344e+01 2.366183e+01 3.294824e+00 1.279344e+01 2.366183e+01 3.294824e+00 -1.514400e-07 -8.362367e-06 -6.892765e-06 4.266308e-01
1.501911e+01 1.612089e+01 5.762402e+00 1.501911e+01 1.612089e+01 5.762402e+00 7.741693e-07 -3.214734e-07 9.067697e-06 3.159053e-01
1.458027e+01 1.627732e+01 4.896433e+00 1.458027e+01 1.627732e+01 4.896433e+00 8.362697e-07 -3.244042e-06 8.484159e-06 5.021657e-01
1.504271e+01 2.450907e+01 6.303766e+00 1.504271e+01 2.450907e+01 6.303766e+00 8.745281e-08 9.581162e-07 -1.015184e-05 4.679064e-01
1.460611e+01 2.451474e+01 5.418906e+00 1.460611e+01 2.451474e+01 5.418906e+00 5.011010e-08 -1.849643e-06 -1.006708e-05 4.526589e-01
9.977611e+00 2.060736e+01 1.293526e+01 9.977611e+00 2.060736e+01 1.293526e+01 2.308786e-07 2.206727e-05 -5.192397e-09 1.154873e+01
7.222186e+00 1.406420e+01 9.780695e+00 7.222186e+00 1.406420e+01 9.780695e+00 2.926179e-07 1.224461e-05 1.379377e-05 9.675635e-01
8.782317e+00 1.402098e+01 1.054600e+01 8.782317e+00 1.402098e+01 1.054600e+01 3.012921e-07 1.459288e-05 1.361201e-05 9.634300e-01
8.245207e+00 1.375348e+01 9.807843e+00 8.245207e+00 1.375348e+01 9.807843e+00 2.634594e-07 1.227557e-05 1.453978e-05 9.457871e-01
1.247370e+01 1.406784e+01 9.610233e+00 1.247370e+01 1.406784e+01 9.610233e+00 1.880307e-07 1.168795e-05 1.385711e-05 9.224680e-01
1.145687e+01 1.375414e+01 9.703015e+00 1.145687e+01 1.375414e+01 9.703015e+00 2.011791e-07 1.193335e-05 1.458704e-05 9.466393e-01
9.515944e+00 2.155306e+01 2.384747e+00 9.515944e+00 2.155306e+01 2.384747e+00 2.553835e-07 -1.138235e-05 -6.509567e-07 1.328089e+00
7.030333e+00 1.449151e+01 4.978192e+00 7.030333e+00 1.449151e+01 4.978192e+00 3.548152e-07 -2.984614e-06 1.251540e-05 1.095401e+00
8.527952e+00 1.459684e+01 4.140661e+00 8.527952e+00 1.459684e+01 4.140661e+00 3.159189e-07 -5.731137e-06 1.166062e-05 1.741911e+00
8.045042e+00 1.419776e+01 4.846940e+00 8.045042e+00 1.419776e+01 4.846940e+00 3.697477e-07 -3.406657e-06 1.311284e-05 1.247036e+00
1.226529e+01 1.451511e+01 4.813950e+00 1.226529e+01 1.451511e+01 4.813950e+00 4.567146e-07 -3.609533e-06 1.231890e-05 1.051809e+00
1.124524e+01 1.421429e+01 4.746637e+00 1.124524e+01 1.421429e+01 4.746637e+00 4.510150e-07 -3.809219e-06 1.298865e-05 1.233972e+00
7.228676e+00 2.583720e+01 1.053240e+01 7.228676e+00 2.583720e+01 1.053240e+01 2.295972e-07 1.442436e-05 -1.283685e-05 4.128888e+00
8.790320e+00 2.574429e+01 1.126939e+01 8.790320e+00 2.574429e+01 1.126939e+01 1.838396e-07 1.683870e-05 -1.204505e-05 7.732636e+00
8.250354e+00 2.613917e+01 1.060001e+01 8.250354e+00 2.613917e+01 1.060001e+01 2.611323e-07 1.469414e-05 -1.352396e-05 4.943702e+00
1.247449e+01 2.586148e+01 1.036771e+01 1.247449e+01 2.586148e+01 1.036771e+01 4.016837e-07 1.381413e-05 -1.292485e-05 3.989259e+00
1.145849e+01 2.615618e+01 1.049930e+01 1.145849e+01 2.615618e+01 1.049930e+01 3.598997e-07 1.430616e-05 -1.358320e-05 4.803054e+00
7.030009e+00 2.627275e+01 5.734790e+00 7.030009e+00 2.627275e+01 5.734790e+00 4.892563e-07 -7.533007e-07 -1.427152e-05 9.706793e-01
8.524615e+00 2.631931e+01 4.867839e+00 8.524615e+00 2.631931e+01 4.867839e+00 6.012174e-07 -3.434805e-06 -1.409951e-05 9.785822e-01
8.045723e+00 2.658523e+01 5.642369e+00 8.045723e+00 2.658523e+01 5.642369e+00 5.003316e-07 -1.018678e-06 -1.501382e-05 9.706133e-01
1.227310e+01 2.627731e+01 5.565017e+00 1.227310e+01 2.627731e+01 5.565017e+00 4.350754e-07 -1.347210e-06 -1.423795e-05 9.364204e-01
1.125128e+01 2.658646e+01 5.538040e+00 1.125128e+01 2.658646e+01 5.538040e+00 4.782159e-07 -1.380290e-06 -1.497504e-05 9.936367e-01
1.076581e+01 1.330929e+01 7.179633e+00 1.076581e+01 1.330929e+01 7.179633e+00 3.109950e-07 4.022583e-06 1.595946e-05 5.662432e-01
1.076904e+01 2.704300e+01 8.096636e+00 1.076904e+01 2.704300e+01 8.096636e+00 4.254535e-07 6.768881e-06 -1.641815e-05 1.081231e+00
2.783504e+00 2.008626e+01 8.807722e+00 2.783504e+00 2.008626e+01 8.807722e+00 3.571027e-07 8.410994e-06 3.598191e-08 9.212002e-01
3.374662e+00 2.088727e+01 1.020125e+01 3.374662e+00 2.088727e+01 1.020125e+01 2.048164e-07 1.255344e-05 -1.734872e-06 8.460004e-01
2.997012e+00 2.097986e+01 9.346875e+00 2.997012e+00 2.097986e+01 9.346875e+00 2.219835e-07 9.984294e-06 -1.991980e-06 8.286654e-01
3.364380e+00 1.905673e+01 1.008597e+01 3.364380e+00 1.905673e+01 1.008597e+01 5.790506e-07 1.229766e-05 2.346616e-06 8.419464e-01
2.989453e+00 1.911184e+01 9.227662e+00 2.989453e+00 1.911184e+01 9.227662e+00 5.087797e-07 9.714648e-06 2.233706e-06 9.055827e-01
5.837729e+00 1.815498e+01 1.217456e+01 5.837729e+00 1.815498e+01 1.217456e+01 8.014745e-07 1.900942e-05 3.696030e-06 1.534580e+00
4.454986e+00 1.834831e+01 1.127247e+01 4.454986e+00 1.834831e+01 1.127247e+01 7.293066e-07 1.628871e-05 3.794335e-06 9.077718e-01
5.130365e+00 1.773736e+01 1.161092e+01 5.130365e+00 1.773736e+01 1.161092e+01 8.259331e-07 1.732904e-05 4.913074e-06 9.704091e-01
5.119847e+00 1.979652e+01 1.204511e+01 5.119847e+00 1.979652e+01 1.204511e+01 4.449112e-07 1.865842e-05 6.146690e-07 2.090661e+00
5.803355e+00 1.921784e+01 1.235130e+01 5.803355e+00 1.921784e+01 1.235130e+01 5.150376e-07 1.956248e-05 1.598989e-06 2.501311e+00
5.858376e+00 2.140075e+01 1.234306e+01 5.858376e+00 2.140075e+01 1.234306e+01 4.572918e-08 1.962386e-05 -2.368165e-06 5.130868e+00
5.809247e+00 2.031686e+01 1.240656e+01 5.809247e+00 2.031686e+01 1.240656e+01 2.957172e-07 1.977049e-05 -3.946560e-07 3.814708e+00
4.472299e+00 2.136135e+01 1.145422e+01 4.472299e+00 2.136135e+01 1.145422e+01 1.085819e-07 1.682891e-05 -2.668065e-06 1.956207e+00
5.154478e+00 2.190801e+01 1.185119e+01 5.154478e+00 2.190801e+01 1.185119e+01 -4.008207e-08 1.811966e-05 -3.671055e-06 3.568295e+00
3.945156e+00 1.733661e+01 1.007104e+01 3.945156e+00 1.733661e+01 1.007104e+01 7.632934e-07 1.282511e-05 6.243220e-06 9.237909e-01
3.386063e+00 1.818176e+01 9.658084e+00 3.386063e+00 1.818176e+01 9.658084e+00 6.571728e-07 1.118950e-05 4.316658e-06 9.057588e-01
4.488205e+00 1.745943e+01 1.089716e+01 4.488205e+00 1.745943e+01 1.089716e+01 8.122017e-07 1.527838e-05 5.790058e-06 8.599918e-01
3.968122e+00 2.256589e+01 1.040238e+01 3.968122e+00 2.256589e+01 1.040238e+01 -7.987886e-08 1.358309e-05 -5.518031e-06 1.291376e+00
4.513035e+00 2.230167e+01 1.119352e+01 4.513035e+00 2.230167e+01 1.119352e+01 -8.151920e-08 1.607117e-05 -4.746406e-06 2.193751e+00
3.402640e+00 2.181780e+01 9.889087e+00 3.402640e+00 2.181780e+01 9.889087e+00 4.760345e-08 1.171901e-05 -3.859764e-06 8.703062e-01
1.679005e+01 2.011913e+01 8.358627e+00 1.679005e+01 2.011913e+01 8.358627e+00 2.172654e-07 7.092132e-06 8.774347e-08 5.859482e-01
1.631969e+01 1.908325e+01 9.677464e+00 1.631969e+01 1.908325e+01 9.677464e+00 -4.885318e-08 1.113991e-05 2.443673e-06 6.587663e-01
1.662270e+01 1.914186e+01 8.791354e+00 1.662270e+01 1.914186e+01 8.791354e+00 6.246584e-08 8.421651e-06 2.302834e-06 5.476906e-01
1.631127e+01 2.091912e+01 9.795273e+00 1.631127e+01 2.091912e+01 9.795273e+00 2.919908e-07 1.139742e-05 -1.704928e-06 7.951319e-01
1.661658e+01 2.101347e+01 8.912096e+00 1.661658e+01 2.101347e+01 8.912096e+00 3.261274e-07 8.681566e-06 -1.951333e-06 6.710945e-01
1.404253e+01 1.815600e+01 1.196267e+01 1.404253e+01 1.815600e+01 1.196267e+01 -3.236367e-07 1.830460e-05 3.926456e-06 1.516994e+00
1.474427e+01 1.981453e+01 1.178414e+01 1.474427e+01 1.981453e+01 1.178414e+01 9.346195e-09 1.788672e-05 7.036304e-07 1.941347e+00
1.409422e+01 1.922734e+01 1.214530e+01 1.409422e+01 1.922734e+01 1.214530e+01 -5.366054e-08 1.892611e-05 1.734801e-06 2.337250e+00
1.533951e+01 1.836172e+01 1.094828e+01 1.533951e+01 1.836172e+01 1.094828e+01 -2.163396e-07 1.537544e-05 3.959921e-06 9.605648e-01
1.469795e+01 1.774296e+01 1.133742e+01 1.469795e+01 1.774296e+01 1.133742e+01 -3.075362e-07 1.647840e-05 5.115683e-06 1.071395e+00
1.402688e+01 2.143183e+01 1.214340e+01 1.402688e+01 2.143183e+01 1.214340e+01 3.491652e-07 1.901499e-05 -2.470980e-06 4.607194e+00
1.532668e+01 2.139353e+01 1.113688e+01 1.532668e+01 2.139353e+01 1.113688e+01 3.198517e-07 1.594596e-05 -2.693925e-06 1.799597e+00
1.468001e+01 2.194251e+01 1.158883e+01 1.468001e+01 2.194251e+01 1.158883e+01 4.411615e-07 1.729199e-05 -3.747666e-06 3.218667e+00
1.409048e+01 2.033798e+01 1.220490e+01 1.409048e+01 2.033798e+01 1.220490e+01 1.187701e-07 1.916697e-05 -3.749377e-07 3.473025e+00
1.574636e+01 1.735522e+01 9.698757e+00 1.574636e+01 1.735522e+01 9.698757e+00 -1.859760e-07 1.172151e-05 6.370475e-06 8.137170e-01
1.527572e+01 1.747162e+01 1.056877e+01 1.527572e+01 1.747162e+01 1.056877e+01 -2.660872e-07 1.430546e-05 5.956549e-06 8.894145e-01
1.626636e+01 1.820685e+01 9.247822e+00 1.626636e+01 1.820685e+01 9.247822e+00 -9.984664e-08 1.001541e-05 4.419626e-06 6.564856e-01
1.572899e+01 2.260168e+01 1.003651e+01 1.572899e+01 2.260168e+01 1.003651e+01 5.476173e-07 1.248429e-05 -5.541387e-06 1.225057e+00
1.625310e+01 2.185238e+01 9.482598e+00 1.625310e+01 2.185238e+01 9.482598e+00 4.569398e-07 1.054064e-05 -3.855066e-06 8.247510e-01
1.525725e+01 2.233706e+01 1.087403e+01 1.525725e+01 2.233706e+01 1.087403e+01 5.095993e-07 1.514397e-05 -4.810429e-06 1.995298e+00
5.465577e+00 1.891172e+01 3.208288e+00 5.465577e+00 1.891172e+01 3.208288e+00 3.332487e-07 -8.292364e-06 2.467627e-06 1.253673e+00
4.749088e+00 2.053434e+01 3.569187e+00 4.749088e+00 2.053434e+01 3.569187e+00 6.407862e-07 -7.183271e-06 -8.011408e-07 6.995312e-01
5.399308e+00 2.000908e+01 3.146574e+00 5.399308e+00 2.000908e+01 3.146574e+00 5.416243e-07 -8.481185e-06 3.698162e-07 1.012497e+00
4.170059e+00 1.895309e+01 4.218368e+00 4.170059e+00 1.895309e+01 4.218368e+00 3.178191e-07 -5.242798e-06 2.569006e-06 6.749443e-01
4.815497e+00 1.840286e+01 3.765387e+00 4.815497e+00 1.840286e+01 3.765387e+00 2.251424e-07 -6.604215e-06 3.680977e-06 9.596558e-01
5.449359e+00 2.219525e+01 3.387909e+00 5.449359e+00 2.219525e+01 3.387909e+00 9.413782e-07 -7.498441e-06 -4.025274e-06 6.314705e-01
4.155911e+00 2.198602e+01 4.407012e+00 4.155911e+00 2.198602e+01 4.407012e+00 8.153282e-07 -4.623854e-06 -4.165580e-06 6.619012e-01
4.796538e+00 2.260587e+01 4.015954e+00 4.796538e+00 2.260587e+01 4.015954e+00 9.332406e-07 -5.715063e-06 -5.321953e-06 6.356294e-01
5.395621e+00 2.112422e+01 3.205848e+00 5.395621e+00 2.112422e+01 3.205848e+00 6.909110e-07 -8.174724e-06 -1.784223e-06 7.711550e-01
3.769919e+00 1.774637e+01 5.319396e+00 3.769919e+00 1.774637e+01 5.319396e+00 8.886372e-08 -1.784180e-06 5.348865e-06 5.880346e-01
4.240282e+00 1.801006e+01 4.481421e+00 4.240282e+00 1.801006e+01 4.481421e+00 1.418932e-07 -4.420902e-06 4.661217e-06 7.126485e-01
3.188133e+00 1.942790e+01 5.561513e+00 3.188133e+00 1.942790e+01 5.561513e+00 3.053613e-07 -7.566904e-07 1.487804e-06 6.506148e-01
3.246640e+00 1.849511e+01 5.874265e+00 3.246640e+00 1.849511e+01 5.874265e+00 1.645858e-07 1.070525e-07 3.640126e-06 6.217277e-01
3.751534e+00 2.299005e+01 5.656569e+00 3.751534e+00 2.299005e+01 5.656569e+00 7.242278e-07 -1.007334e-06 -6.649199e-06 9.109914e-01
3.178993e+00 2.126261e+01 5.679420e+00 3.178993e+00 2.126261e+01 5.679420e+00 6.058233e-07 -4.941129e-07 -2.694587e-06 8.197850e-01
3.232426e+00 2.213858e+01 6.108926e+00 3.232426e+00 2.213858e+01 6.108926e+00 6.316132e-07 6.325999e-07 -4.687230e-06 9.259390e-01
4.220756e+00 2.287508e+01 4.785998e+00 4.220756e+00 2.287508e+01 4.785998e+00 8.387042e-07 -3.566348e-06 -6.203549e-06 7.668429e-01
1.364908e+01 1.894201e+01 3.013029e+00 1.364908e+01 1.894201e+01 3.013029e+00 7.167883e-07 -9.077930e-06 2.111741e-06 1.271782e+00
1.503155e+01 1.898505e+01 3.903861e+00 1.503155e+01 1.898505e+01 3.903861e+00 6.687581e-07 -6.266718e-06 2.356675e-06 4.513370e-01
1.435021e+01 1.843671e+01 3.506444e+00 1.435021e+01 1.843671e+01 3.506444e+00 8.095625e-07 -7.534222e-06 3.328235e-06 8.661201e-01
1.438709e+01 2.055335e+01 3.312452e+00 1.438709e+01 2.055335e+01 3.312452e+00 2.998990e-07 -8.049435e-06 -9.130587e-07 5.259012e-01
1.370150e+01 2.003032e+01 2.950091e+00 1.370150e+01 2.003032e+01 2.950091e+00 4.565428e-07 -9.268334e-06 1.710496e-07 9.456493e-01
1.367043e+01 2.219734e+01 3.179252e+00 1.367043e+01 2.219734e+01 3.179252e+00 -1.021283e-07 -8.366811e-06 -3.986826e-06 4.544831e-01
1.370709e+01 2.113497e+01 3.004451e+00 1.370709e+01 2.113497e+01 3.004451e+00 1.951175e-07 -8.988057e-06 -1.853930e-06 6.402627e-01
1.505066e+01 2.200068e+01 4.085200e+00 1.505066e+01 2.200068e+01 4.085200e+00 5.059583e-09 -5.662814e-06 -4.155067e-06 3.424155e-01
1.437566e+01 2.261277e+01 3.744966e+00 1.437566e+01 2.261277e+01 3.744966e+00 -9.987922e-08 -6.693647e-06 -5.249246e-06 4.013968e-01
1.553449e+01 1.778197e+01 4.954833e+00 1.553449e+01 1.778197e+01 4.954833e+00 8.126553e-07 -2.942036e-06 5.169150e-06 3.194656e-01
1.612811e+01 1.945989e+01 5.156511e+00 1.612811e+01 1.945989e+01 5.156511e+00 5.350129e-07 -1.963240e-06 1.418297e-06 3.375086e-01
1.609993e+01 1.852958e+01 5.468629e+00 1.609993e+01 1.852958e+01 5.468629e+00 6.678801e-07 -1.120093e-06 3.555411e-06 3.283495e-01
1.499020e+01 1.804508e+01 4.164225e+00 1.499020e+01 1.804508e+01 4.164225e+00 8.460655e-07 -5.473990e-06 4.414971e-06 4.982587e-01
1.555873e+01 2.300977e+01 5.285149e+00 1.555873e+01 2.300977e+01 5.285149e+00 2.805577e-08 -2.198299e-06 -6.582801e-06 4.181382e-01
1.501642e+01 2.288861e+01 4.459275e+00 1.501642e+01 2.288861e+01 4.459275e+00 -5.691979e-08 -4.642471e-06 -6.154803e-06 3.835145e-01
1.613940e+01 2.128959e+01 5.271799e+00 1.613940e+01 2.128959e+01 5.271799e+00 1.688542e-07 -1.721214e-06 -2.677924e-06 3.583192e-01
1.611775e+01 2.216438e+01 5.699260e+00 1.611775e+01 2.216438e+01 5.699260e+00 9.972386e-08 -6.199034e-07 -4.639713e-06 3.906311e-01
9.978581e+00 1.879249e+01 1.292300e+01 9.978581e+00 1.879249e+01 1.292300e+01 1.714687e-07 2.204384e-05 4.994044e-07 5.555386e+00
1.084625e+01 1.736731e+01 1.274263e+01 1.084625e+01 1.736731e+01 1.274263e+01 -2.723969e-08 2.154024e-05 3.405537e-06 2.208853e+00
1.086772e+01 1.829519e+01 1.286594e+01 1.086772e+01 1.829519e+01 1.286594e+01 2.866433e-08 2.180260e-05 1.419237e-06 3.996825e+00
9.085380e+00 1.736798e+01 1.277250e+01 9.085380e+00 1.736798e+01 1.277250e+01 3.849579e-07 2.172630e-05 3.272250e-06 2.258067e+00
9.081476e+00 1.829463e+01 1.288729e+01 9.081476e+00 1.829463e+01 1.288729e+01 3.408125e-07 2.197158e-05 1.260983e-06 4.084185e+00
8.255072e+00 1.460005e+01 1.117375e+01 8.255072e+00 1.460005e+01 1.117375e+01 4.822750e-07 1.651133e-05 1.186074e-05 9.154288e-01
8.464138e+00 1.587734e+01 1.219674e+01 8.464138e+00 1.587734e+01 1.219674e+01 6.094557e-07 1.982497e-05 7.819053e-06 8.946379e-01
7.847794e+00 1.535915e+01 1.172102e+01 7.847794e+00 1.535915e+01 1.172102e+01 6.663203e-07 1.819815e-05 9.638143e-06 8.370347e-01
9.924518e+00 1.495137e+01 1.172375e+01 9.924518e+00 1.495137e+01 1.172375e+01 1.740272e-07 1.830435e-05 1.051836e-05 8.048927e-01
9.345359e+00 1.442457e+01 1.119430e+01 9.345359e+00 1.442457e+01 1.119430e+01 2.837481e-07 1.657316e-05 1.222013e-05 8.918179e-01
1.154887e+01 1.459480e+01 1.107658e+01 1.154887e+01 1.459480e+01 1.107658e+01 -7.003786e-08 1.616646e-05 1.196792e-05 8.867843e-01
1.046391e+01 1.442212e+01 1.116115e+01 1.046391e+01 1.442212e+01 1.116115e+01 9.506299e-08 1.645474e-05 1.226315e-05 8.895233e-01
1.141488e+01 1.587261e+01 1.212603e+01 1.141488e+01 1.587261e+01 1.212603e+01 -2.288729e-07 1.951409e-05 7.975466e-06 8.378104e-01
1.199430e+01 1.535319e+01 1.160917e+01 1.199430e+01 1.535319e+01 1.160917e+01 -2.508636e-07 1.775593e-05 9.799309e-06 7.743559e-01
9.515356e+00 1.974616e+01 2.370508e+00 9.515356e+00 1.974616e+01 2.370508e+00 2.347324e-07 -1.126556e-05 1.318510e-07 2.227174e+00
8.650569e+00 1.829843e+01 2.448833e+00 8.650569e+00 1.829843e+01 2.448833e+00 5.173790e-07 -1.093633e-05 1.355454e-06 2.570228e+00
8.614888e+00 1.923426e+01 2.404304e+00 8.614888e+00 1.923426e+01 2.404304e+00 4.614086e-07 -1.098136e-05 5.067808e-07 2.336114e+00
1.041424e+01 1.830839e+01 2.426510e+00 1.041424e+01 1.830839e+01 2.426510e+00 3.982303e-07 -1.109647e-05 1.011113e-06 2.592196e+00
1.042881e+01 1.924228e+01 2.387602e+00 1.042881e+01 1.924228e+01 2.387602e+00 3.191640e-07 -1.114764e-05 2.473833e-07 2.365864e+00
7.968573e+00 1.527125e+01 3.644992e+00 7.968573e+00 1.527125e+01 3.644992e+00 1.155532e-07 -7.302678e-06 9.697442e-06 2.041105e+00
9.574515e+00 1.574137e+01 3.093389e+00 9.574515e+00 1.574137e+01 3.093389e+00 4.290545e-07 -9.214775e-06 7.652299e-06 2.471622e+00
9.041509e+00 1.511752e+01 3.547848e+00 9.041509e+00 1.511752e+01 3.547848e+00 3.171615e-07 -7.693169e-06 9.789121e-06 2.175222e+00
8.104840e+00 1.671446e+01 2.832235e+00 8.104840e+00 1.671446e+01 2.832235e+00 8.741431e-08 -9.818073e-06 5.305652e-06 2.509954e+00
7.529456e+00 1.610832e+01 3.240697e+00 7.529456e+00 1.610832e+01 3.240697e+00 1.219102e-08 -8.484653e-06 7.412151e-06 2.215383e+00
1.122165e+01 1.529398e+01 3.556987e+00 1.122165e+01 1.529398e+01 3.556987e+00 7.512713e-07 -7.692565e-06 9.377324e-06 2.070748e+00
1.101239e+01 1.673447e+01 2.773403e+00 1.101239e+01 1.673447e+01 2.773403e+00 7.988620e-07 -1.011680e-05 4.826702e-06 2.538921e+00
1.162276e+01 1.613532e+01 3.142282e+00 1.162276e+01 1.613532e+01 3.142282e+00 8.866612e-07 -8.932510e-06 6.944405e-06 2.256727e+00
1.014530e+01 1.512599e+01 3.518184e+00 1.014530e+01 1.512599e+01 3.518184e+00 5.491878e-07 -7.830385e-06 9.668431e-06 2.185226e+00
8.273302e+00 2.506150e+01 1.178705e+01 8.273302e+00 2.506150e+01 1.178705e+01 -3.817354e-08 1.853513e-05 -9.936237e-06 9.848109e+00
9.925453e+00 2.461488e+01 1.224655e+01 9.925453e+00 2.461488e+01 1.224655e+01 2.915124e-07 2.006895e-05 -8.087140e-06 1.351308e+01
9.352733e+00 2.523002e+01 1.182572e+01 9.352733e+00 2.523002e+01 1.182572e+01 1.776772e-07 1.867962e-05 -1.018619e-05 1.077541e+01
8.487217e+00 2.361878e+01 1.256292e+01 8.487217e+00 2.361878e+01 1.256292e+01 -1.511121e-07 2.099657e-05 -5.336670e-06 1.423139e+01
7.874822e+00 2.421785e+01 1.220071e+01 7.874822e+00 2.421785e+01 1.220071e+01 -2.253077e-07 1.978717e-05 -7.491031e-06 1.135978e+01
1.153573e+01 2.508446e+01 1.169903e+01 1.153573e+01 2.508446e+01 1.169903e+01 5.897784e-07 1.816344e-05 -1.008034e-05 9.524793e+00
1.139462e+01 2.363798e+01 1.250563e+01 1.139462e+01 2.363798e+01 1.250563e+01 6.567865e-07 2.071890e-05 -5.528775e-06 1.376493e+01
1.197202e+01 2.424450e+01 1.210289e+01 1.197202e+01 2.424450e+01 1.210289e+01 7.338699e-07 1.940625e-05 -7.704013e-06 1.080813e+01
1.046027e+01 2.523865e+01 1.179602e+01 1.046027e+01 2.523865e+01 1.179602e+01 4.045641e-07 1.855637e-05 -1.024363e-05 1.064988e+01
7.954112e+00 2.574369e+01 4.266773e+00 7.954112e+00 2.574369e+01 4.266773e+00 7.710586e-07 -5.328774e-06 -1.237952e-05 8.801676e-01
8.084614e+00 2.446952e+01 3.211469e+00 8.084614e+00 2.446952e+01 3.211469e+00 9.065904e-07 -8.727798e-06 -8.323187e-06 5.821003e-01
7.506677e+00 2.498777e+01 3.733100e+00 7.506677e+00 2.498777e+01 3.733100e+00 9.409574e-07 -6.975999e-06 -1.018709e-05 7.151601e-01
9.575336e+00 2.538731e+01 3.616881e+00 9.575336e+00 2.538731e+01 3.616881e+00 5.710028e-07 -7.513424e-06 -1.093913e-05 7.153322e-01
9.037207e+00 2.591578e+01 4.182420e+00 9.037207e+00 2.591578e+01 4.182420e+00 6.456879e-07 -5.629392e-06 -1.275361e-05 8.814509e-01
1.124120e+01 2.573884e+01 4.169996e+00 1.124120e+01 2.573884e+01 4.169996e+00 2.679160e-07 -5.727512e-06 -1.233802e-05 8.309214e-01
1.015307e+01 2.591349e+01 4.149441e+00 1.015307e+01 2.591349e+01 4.149441e+00 4.723258e-07 -5.766820e-06 -1.273013e-05 8.699472e-01
1.103557e+01 2.446456e+01 3.140470e+00 1.103557e+01 2.446456e+01 3.140470e+00 1.174904e-07 -9.159870e-06 -8.287667e-06 4.984613e-01
1.165043e+01 2.498201e+01 3.621428e+00 1.165043e+01 2.498201e+01 3.621428e+00 6.063338e-08 -7.510665e-06 -1.011699e-05 6.103346e-01
8.730567e+00 1.330353e+01 7.249758e+00 8.730567e+00 1.330353e+01 7.249758e+00 3.047263e-07 4.256330e-06 1.594751e-05 5.699669e-01
7.202412e+00 1.380869e+01 6.485370e+00 7.202412e+00 1.380869e+01 6.485370e+00 4.226398e-07 1.833386e-06 1.455813e-05 6.099060e-01
8.175828e+00 1.353404e+01 6.410050e+00 8.175828e+00 1.353404e+01 6.410050e+00 3.888620e-07 1.575716e-06 1.523930e-05 6.288614e-01
7.276156e+00 1.365520e+01 8.180370e+00 7.276156e+00 1.365520e+01 8.180370e+00 2.101877e-07 7.240614e-06 1.499785e-05 7.034696e-01
8.249963e+00 1.337698e+01 8.149254e+00 8.249963e+00 1.337698e+01 8.149254e+00 2.364129e-07 7.095168e-06 1.574577e-05 6.749524e-01
8.733571e+00 2.703693e+01 8.166751e+00 8.733571e+00 2.703693e+01 8.166751e+00 3.806812e-07 7.007340e-06 -1.643735e-05 1.088293e+00
7.274994e+00 2.652338e+01 9.029674e+00 7.274994e+00 2.652338e+01 9.029674e+00 4.014177e-07 9.614355e-06 -1.499365e-05 1.509598e+00
8.250830e+00 2.680408e+01 9.040300e+00 8.250830e+00 2.680408e+01 9.040300e+00 3.898970e-07 9.720559e-06 -1.574476e-05 1.733393e+00
7.209121e+00 2.667814e+01 7.335865e+00 7.209121e+00 2.667814e+01 7.335865e+00 3.063583e-07 4.201131e-06 -1.547867e-05 8.330331e-01
8.181104e+00 2.696041e+01 7.301741e+00 8.181104e+00 2.696041e+01 7.301741e+00 3.668913e-07 4.239599e-06 -1.624018e-05 8.511105e-01
3.273558e+00 2.036939e+01 5.303449e+00 3.273558e+00 2.036939e+01 5.303449e+00 5.242583e-07 -1.469849e-06 -7.042138e-07 6.987513e-01
2.877347e+00 2.120407e+01 6.566019e+00 2.877347e+00 2.120407e+01 6.566019e+00 4.954703e-07 2.174553e-06 -2.565028e-06 9.294579e-01
2.884018e+00 1.933334e+01 6.445209e+00 2.884018e+00 1.933334e+01 6.445209e+00 2.822597e-07 1.912652e-06 1.720622e-06 7.695052e-01
3.559044e+00 2.271892e+01 9.513347e+00 3.559044e+00 2.271892e+01 9.513347e+00 -2.359921e-08 1.066774e-05 -5.962894e-06 8.835282e-01
2.956081e+00 2.201420e+01 8.018006e+00 2.956081e+00 2.201420e+01 8.018006e+00 3.013375e-07 6.218150e-06 -4.416415e-06 9.057071e-01
3.325335e+00 2.283095e+01 8.556335e+00 3.325335e+00 2.283095e+01 8.556335e+00 1.562034e-07 7.792836e-06 -6.297731e-06 8.273332e-01
3.423783e+00 2.297227e+01 6.589934e+00 3.423783e+00 2.297227e+01 6.589934e+00 5.987416e-07 1.971425e-06 -6.635414e-06 9.636389e-01
3.279411e+00 2.291536e+01 7.568809e+00 3.279411e+00 2.291536e+01 7.568809e+00 3.882492e-07 4.900643e-06 -6.525287e-06 9.116885e-01
3.540551e+00 1.734885e+01 9.168045e+00 3.540551e+00 1.734885e+01 9.168045e+00 6.679791e-07 9.860950e-06 6.257913e-06 9.355650e-01
2.955264e+00 1.829964e+01 7.777125e+00 2.955264e+00 1.829964e+01 7.777125e+00 3.712618e-07 5.688440e-06 4.122397e-06 8.629094e-01
3.317678e+00 1.740132e+01 8.203467e+00 3.317678e+00 1.740132e+01 8.203467e+00 4.757485e-07 6.971173e-06 6.188960e-06 8.628706e-01
3.438977e+00 1.759309e+01 6.241014e+00 3.438977e+00 1.759309e+01 6.241014e+00 1.065674e-07 1.166526e-06 5.731863e-06 6.028382e-01
3.284419e+00 1.748267e+01 7.214732e+00 3.284419e+00 1.748267e+01 7.214732e+00 2.618907e-07 4.076505e-06 6.015672e-06 7.224508e-01
9.108954e+00 1.646847e+01 1.253015e+01 9.108954e+00 1.646847e+01 1.253015e+01 3.714651e-07 2.100856e-05 5.822084e-06 1.226624e+00
7.571961e+00 1.624809e+01 1.216263e+01 7.571961e+00 1.624809e+01 1.216263e+01 7.690327e-07 1.955728e-05 7.166065e-06 9.643538e-01
8.219891e+00 1.776163e+01 1.275774e+01 8.219891e+00 1.776163e+01 1.275774e+01 5.383173e-07 2.146015e-05 2.833047e-06 2.629238e+00
4.633950e+00 1.661390e+01 1.044551e+01 4.633950e+00 1.661390e+01 1.044551e+01 8.198760e-07 1.398843e-05 7.774258e-06 9.166185e-01
6.043022e+00 1.626128e+01 1.146426e+01 6.043022e+00 1.626128e+01 1.146426e+01 8.686588e-07 1.715486e-05 8.026152e-06 8.648585e-01
5.432119e+00 1.597064e+01 1.074776e+01 5.432119e+00 1.597064e+01 1.074776e+01 8.159343e-07 1.501105e-05 9.102661e-06 9.148293e-01
7.259470e+00 1.494992e+01 1.111687e+01 7.259470e+00 1.494992e+01 1.111687e+01 6.249132e-07 1.633070e-05 1.113572e-05 9.132631e-01
6.313697e+00 1.541265e+01 1.097308e+01 6.313697e+00 1.541265e+01 1.097308e+01 7.378696e-07 1.577862e-05 1.020679e-05 9.139065e-01
6.575641e+00 2.080214e+01 1.264966e+01 6.575641e+00 2.080214e+01 1.264966e+01 1.725631e-07 2.061851e-05 -1.047281e-06 6.338754e+00
7.360228e+00 1.921438e+01 1.279040e+01 7.360228e+00 1.921438e+01 1.279040e+01 4.214703e-07 2.120020e-05 1.007236e-06 4.729225e+00
7.364920e+00 2.023315e+01 1.282094e+01 7.364920e+00 2.023315e+01 1.282094e+01 2.435423e-07 2.127362e-05 -1.379265e-07 7.073723e+00
9.081722e+00 1.923182e+01 1.292313e+01 9.081722e+00 1.923182e+01 1.292313e+01 2.901180e-07 2.200485e-05 2.969998e-07 6.651274e+00
8.206604e+00 1.970975e+01 1.289632e+01 8.206604e+00 1.970975e+01 1.289632e+01 2.979760e-07 2.172722e-05 2.382335e-07 7.189048e+00
9.118312e+00 2.296946e+01 1.278023e+01 9.118312e+00 2.296946e+01 1.278023e+01 9.385506e-08 2.187084e-05 -3.244188e-06 1.598217e+01
8.233413e+00 2.166563e+01 1.286584e+01 8.233413e+00 2.166563e+01 1.286584e+01 4.168945e-08 2.176902e-05 -1.207072e-06 1.250512e+01
9.093686e+00 2.204411e+01 1.289232e+01 9.093686e+00 2.204411e+01 1.289232e+01 9.702027e-08 2.205765e-05 -1.208675e-06 1.505440e+01
7.601330e+00 2.326617e+01 1.250131e+01 7.601330e+00 2.326617e+01 1.250131e+01 -2.483749e-07 2.061037e-05 -5.024601e-06 1.180142e+01
9.084015e+00 2.017099e+01 1.292985e+01 9.084015e+00 2.017099e+01 1.292985e+01 2.123273e-07 2.201799e-05 1.334222e-08 9.670535e+00
9.087429e+00 2.110925e+01 1.292588e+01 9.087429e+00 2.110925e+01 1.292588e+01 1.380387e-07 2.205106e-05 -2.600613e-07 1.268970e+01
4.661946e+00 2.321183e+01 1.085729e+01 4.661946e+00 2.321183e+01 1.085729e+01 -1.895161e-07 1.510003e-05 -6.844608e-06 2.278751e+00
6.075718e+00 2.338241e+01 1.187168e+01 6.075718e+00 2.338241e+01 1.187168e+01 -2.849993e-07 1.842330e-05 -6.521900e-06 6.244362e+00
5.461620e+00 2.379166e+01 1.122665e+01 5.461620e+00 2.379166e+01 1.122665e+01 -2.309551e-07 1.637527e-05 -7.923364e-06 3.890449e+00
7.283612e+00 2.472962e+01 1.169365e+01 7.283612e+00 2.472962e+01 1.169365e+01 -1.547204e-07 1.807824e-05 -9.389121e-06 8.160608e+00
6.342021e+00 2.430087e+01 1.150607e+01 6.342021e+00 2.430087e+01 1.150607e+01 -2.266497e-07 1.734755e-05 -8.746759e-06 5.981977e+00
5.403576e+00 1.469275e+01 7.947256e+00 5.403576e+00 1.469275e+01 7.947256e+00 4.504690e-07 6.391944e-06 1.236993e-05 7.349485e-01
4.222446e+00 1.587931e+01 8.077753e+00 4.222446e+00 1.587931e+01 8.077753e+00 4.889384e-07 6.750298e-06 9.758104e-06 7.841149e-01
4.741624e+00 1.527521e+01 7.518098e+00 4.741624e+00 1.527521e+01 7.518098e+00 3.162295e-07 5.113836e-06 1.114274e-05 6.693365e-01
5.271944e+00 1.513333e+01 9.376800e+00 5.271944e+00 1.513333e+01 9.376800e+00 5.715828e-07 1.089310e-05 1.140304e-05 9.601530e-01
5.769932e+00 1.454078e+01 8.797516e+00 5.769932e+00 1.454078e+01 8.797516e+00 3.709457e-07 9.141546e-06 1.281225e-05 8.703313e-01
3.756343e+00 1.674199e+01 6.647052e+00 3.756343e+00 1.674199e+01 6.647052e+00 1.245041e-07 2.407965e-06 7.735381e-06 6.031781e-01
4.191970e+00 1.596246e+01 7.077821e+00 4.191970e+00 1.596246e+01 7.077821e+00 2.038404e-07 3.763339e-06 9.574237e-06 6.257580e-01
6.710348e+00 1.466906e+01 1.040909e+01 6.710348e+00 1.466906e+01 1.040909e+01 5.183700e-07 1.408429e-05 1.215893e-05 9.871486e-01
6.213141e+00 1.452796e+01 9.625085e+00 6.213141e+00 1.452796e+01 9.625085e+00 4.285943e-07 1.169648e-05 1.274122e-05 9.740122e-01
5.413464e+00 2.554919e+01 8.652311e+00 5.413464e+00 2.554919e+01 8.652311e+00 1.142029e-07 8.154508e-06 -1.253690e-05 9.597347e-01
5.289952e+00 2.485564e+01 1.000490e+01 5.289952e+00 2.485564e+01 1.000490e+01 -3.550399e-08 1.256924e-05 -1.084910e-05 1.911477e+00
5.776204e+00 2.554067e+01 9.513278e+00 5.776204e+00 2.554067e+01 9.513278e+00 2.079034e-07 1.105871e-05 -1.249291e-05 1.577849e+00
4.232408e+00 2.435322e+01 8.632144e+00 4.232408e+00 2.435322e+01 8.632144e+00 9.672712e-08 8.086134e-06 -9.871790e-06 8.484828e-01
4.743280e+00 2.504538e+01 8.158164e+00 4.743280e+00 2.504538e+01 8.158164e+00 2.604555e-07 6.704713e-06 -1.151429e-05 8.284277e-01
6.728053e+00 2.513082e+01 1.105949e+01 6.728053e+00 2.513082e+01 1.105949e+01 -1.458428e-08 1.608027e-05 -1.092264e-05 5.222199e+00
6.223035e+00 2.540596e+01 1.032295e+01 6.223035e+00 2.540596e+01 1.032295e+01 1.502910e-07 1.369323e-05 -1.196210e-05 2.970529e+00
3.744136e+00 2.374580e+01 7.104292e+00 3.744136e+00 2.374580e+01 7.104292e+00 5.240111e-07 3.486357e-06 -8.481867e-06 9.241142e-01
4.185694e+00 2.444203e+01 7.633752e+00 4.185694e+00 2.444203e+01 7.633752e+00 3.998850e-07 5.083516e-06 -1.012653e-05 8.536361e-01
1.601767e+01 2.039778e+01 4.908525e+00 1.601767e+01 2.039778e+01 4.908525e+00 2.946867e-07 -2.631798e-06 -7.444788e-07 3.158875e-01
1.650543e+01 1.936692e+01 6.010867e+00 1.650543e+01 1.936692e+01 6.010867e+00 4.781469e-07 6.146025e-07 1.689867e-06 4.216128e-01
1.651372e+01 2.123447e+01 6.130091e+00 1.651372e+01 2.123447e+01 6.130091e+00 2.277526e-07 8.629592e-07 -2.524244e-06 4.299927e-01
1.607541e+01 1.737292e+01 8.765825e+00 1.607541e+01 1.737292e+01 8.765825e+00 -8.597072e-08 8.709500e-06 6.359499e-06 6.982353e-01
1.654515e+01 1.833204e+01 7.339340e+00 1.654515e+01 1.833204e+01 7.339340e+00 2.903226e-07 4.366320e-06 4.131404e-06 4.146591e-01
1.622097e+01 1.743047e+01 7.787308e+00 1.622097e+01 1.743047e+01 7.787308e+00 1.539107e-07 5.739064e-06 6.233741e-06 4.971366e-01
1.594301e+01 1.762858e+01 5.843434e+00 1.594301e+01 1.762858e+01 5.843434e+00 6.925250e-07 -4.679222e-08 5.654084e-06 3.085637e-01
1.617600e+01 1.751572e+01 6.800097e+00 1.617600e+01 1.751572e+01 6.800097e+00 4.415688e-07 2.828336e-06 6.002718e-06 3.581936e-01
1.606112e+01 2.275482e+01 9.115098e+00 1.606112e+01 2.275482e+01 9.115098e+00 5.464241e-07 9.488303e-06 -5.970231e-06 8.917486e-01
1.654675e+01 2.204710e+01 7.580153e+00 1.654675e+01 2.204710e+01 7.580153e+00 3.245209e-07 4.896795e-06 -4.367752e-06 6.311739e-01
1.621680e+01 2.286465e+01 8.141441e+00 1.621680e+01 2.286465e+01 8.141441e+00 4.304824e-07 6.529906e-06 -6.271439e-06 7.695495e-01
1.596260e+01 2.299730e+01 6.188075e+00 1.596260e+01 2.299730e+01 6.188075e+00 9.762110e-08 7.256287e-07 -6.586327e-06 4.983047e-01
1.618456e+01 2.294535e+01 7.152689e+00 1.618456e+01 2.294535e+01 7.152689e+00 2.591082e-07 3.616299e-06 -6.475513e-06 5.846549e-01
1.079540e+01 1.646734e+01 1.249562e+01 1.079540e+01 1.646734e+01 1.249562e+01 5.329304e-09 2.082553e-05 5.921531e-06 1.188727e+00
1.171265e+01 1.776046e+01 1.269690e+01 1.171265e+01 1.776046e+01 1.269690e+01 -1.406006e-07 2.113638e-05 3.078249e-06 2.529149e+00
1.230431e+01 1.624275e+01 1.204641e+01 1.230431e+01 1.624275e+01 1.204641e+01 -3.490523e-07 1.910318e-05 7.397509e-06 8.965009e-01
1.334618e+01 2.082392e+01 1.250947e+01 1.334618e+01 2.082392e+01 1.250947e+01 2.288503e-07 2.010727e-05 -1.112608e-06 5.786900e+00
1.258238e+01 1.922000e+01 1.270089e+01 1.258238e+01 1.922000e+01 1.270089e+01 9.308606e-09 2.077607e-05 1.177870e-06 4.447187e+00
1.257872e+01 2.024601e+01 1.273748e+01 1.257872e+01 2.024601e+01 1.273748e+01 1.760786e-07 2.087160e-05 -1.386685e-07 6.609763e+00
1.087565e+01 1.923425e+01 1.290902e+01 1.087565e+01 1.923425e+01 1.290902e+01 9.130299e-08 2.184906e-05 3.969852e-07 6.504231e+00
1.174726e+01 1.971635e+01 1.285780e+01 1.174726e+01 1.971635e+01 1.285780e+01 1.205075e-07 2.144209e-05 3.260974e-07 6.874927e+00
1.509348e+01 1.662540e+01 1.012094e+01 1.509348e+01 1.662540e+01 1.012094e+01 -2.637181e-07 1.305498e-05 7.940393e-06 7.989013e-01
1.377503e+01 1.626086e+01 1.124439e+01 1.377503e+01 1.626086e+01 1.124439e+01 -3.645408e-07 1.643406e-05 8.247678e-06 8.392631e-01
1.432492e+01 1.597620e+01 1.047805e+01 1.432492e+01 1.597620e+01 1.047805e+01 -2.737582e-07 1.417016e-05 9.270129e-06 8.570959e-01
1.253557e+01 1.494650e+01 1.096236e+01 1.253557e+01 1.494650e+01 1.096236e+01 -1.688196e-07 1.579299e-05 1.128307e-05 8.374080e-01
1.346572e+01 1.541303e+01 1.076094e+01 1.346572e+01 1.541303e+01 1.076094e+01 -2.397767e-07 1.505722e-05 1.036654e-05 8.003068e-01
1.078807e+01 2.297849e+01 1.275498e+01 1.078807e+01 2.297849e+01 1.275498e+01 3.980136e-07 2.170948e-05 -3.368318e-06 1.569229e+01
1.227956e+01 2.329284e+01 1.240328e+01 1.227956e+01 2.329284e+01 1.240328e+01 6.974976e-07 2.019418e-05 -5.265546e-06 1.109870e+01
1.170044e+01 2.168027e+01 1.282268e+01 1.170044e+01 2.168027e+01 1.282268e+01 3.941364e-07 2.148974e-05 -1.431192e-06 1.195112e+01
1.083803e+01 2.205246e+01 1.287395e+01 1.083803e+01 2.205246e+01 1.287395e+01 3.735950e-07 2.190333e-05 -1.354103e-06 1.475176e+01
1.507270e+01 2.324889e+01 1.054205e+01 1.507270e+01 2.324889e+01 1.054205e+01 6.276265e-07 1.414012e-05 -6.916826e-06 2.088967e+00
1.374996e+01 2.341789e+01 1.166739e+01 1.374996e+01 2.341789e+01 1.166739e+01 6.944442e-07 1.767650e-05 -6.675815e-06 5.635933e+00
1.430339e+01 2.382789e+01 1.096879e+01 1.430339e+01 2.382789e+01 1.096879e+01 6.878403e-07 1.552411e-05 -8.028599e-06 3.514637e+00
1.251786e+01 2.475965e+01 1.155146e+01 1.251786e+01 2.475965e+01 1.155146e+01 6.673550e-07 1.754138e-05 -9.573605e-06 7.660012e+00
1.344500e+01 2.433492e+01 1.130713e+01 1.344500e+01 2.433492e+01 1.130713e+01 6.833875e-07 1.663564e-05 -8.883700e-06 5.464710e+00
1.087291e+01 2.017558e+01 1.291889e+01 1.087291e+01 2.017558e+01 1.291889e+01 2.119421e-07 2.186569e-05 1.381527e-08 9.453487e+00
1.086130e+01 2.111595e+01 1.291329e+01 1.086130e+01 2.111595e+01 1.291329e+01 3.235370e-07 2.190144e-05 -3.537164e-07 1.241361e+01
1.412926e+01 1.471023e+01 7.656424e+00 1.412926e+01 1.471023e+01 7.656424e+00 1.306526e-07 5.494756e-06 1.240207e-05 6.838012e-01
1.437387e+01 1.514518e+01 9.084522e+00 1.437387e+01 1.514518e+01 9.084522e+00 -2.093035e-08 1.000195e-05 1.150564e-05 7.081570e-01
1.383556e+01 1.455409e+01 8.532458e+00 1.383556e+01 1.455409e+01 8.532458e+00 1.911618e-07 8.339332e-06 1.286213e-05 7.834824e-01
1.531427e+01 1.590347e+01 7.718170e+00 1.531427e+01 1.590347e+01 7.718170e+00 1.310409e-07 5.645615e-06 9.775100e-06 4.937055e-01
1.475662e+01 1.530106e+01 7.191349e+00 1.475662e+01 1.530106e+01 7.191349e+00 3.012301e-07 4.074803e-06 1.111136e-05 4.671711e-01
1.302847e+01 1.467085e+01 1.021348e+01 1.302847e+01 1.467085e+01 1.021348e+01 -2.719487e-08 1.346563e-05 1.227761e-05 8.824282e-01
1.346224e+01 1.453627e+01 9.392524e+00 1.346224e+01 1.453627e+01 9.392524e+00 1.205731e-07 1.098348e-05 1.281088e-05 8.883453e-01
1.566418e+01 1.677661e+01 6.265620e+00 1.566418e+01 1.677661e+01 6.265620e+00 6.178179e-07 1.205876e-06 7.645228e-06 3.033086e-01
1.526810e+01 1.599399e+01 6.720300e+00 1.526810e+01 1.599399e+01 6.720300e+00 4.783265e-07 2.628595e-06 9.515002e-06 3.308377e-01
1.412248e+01 2.557939e+01 8.363791e+00 1.412248e+01 2.557939e+01 8.363791e+00 6.094626e-07 7.193409e-06 -1.260446e-05 9.924460e-01
1.530864e+01 2.438564e+01 8.274433e+00 1.530864e+01 2.438564e+01 8.274433e+00 5.194518e-07 6.935642e-06 -9.841020e-06 7.856869e-01
1.475887e+01 2.507227e+01 7.831450e+00 1.475887e+01 2.507227e+01 7.831450e+00 4.413350e-07 5.610435e-06 -1.149493e-05 7.420418e-01
1.436243e+01 2.488973e+01 9.719168e+00 1.436243e+01 2.488973e+01 9.719168e+00 4.903343e-07 1.169942e-05 -1.085253e-05 1.858741e+00
1.383529e+01 2.556954e+01 9.252363e+00 1.383529e+01 2.556954e+01 9.252363e+00 4.054680e-07 1.022316e-05 -1.258984e-05 1.561220e+00
1.568099e+01 2.377059e+01 6.719427e+00 1.568099e+01 2.377059e+01 6.719427e+00 1.736373e-07 2.244862e-06 -8.408009e-06 5.302255e-01
1.527872e+01 2.446733e+01 7.274319e+00 1.527872e+01 2.446733e+01 7.274319e+00 2.911184e-07 3.906639e-06 -1.007564e-05 5.476954e-01
1.301809e+01 2.516106e+01 1.087341e+01 1.301809e+01 2.516106e+01 1.087341e+01 5.893285e-07 1.540985e-05 -1.106570e-05 4.879446e+00
1.345974e+01 2.543457e+01 1.009694e+01 1.345974e+01 2.543457e+01 1.009694e+01 5.785399e-07 1.281411e-05 -1.204278e-05 2.825034e+00
8.709010e+00 1.737423e+01 2.574008e+00 8.709010e+00 1.737423e+01 2.574008e+00 3.710907e-07 -1.073467e-05 3.161829e-06 2.658562e+00
7.783608e+00 1.866655e+01 2.510873e+00 7.783608e+00 1.866655e+01 2.510873e+00 4.705184e-07 -1.057663e-05 1.472732e-06 2.321529e+00
7.217621e+00 1.705559e+01 2.939798e+00 7.217621e+00 1.705559e+01 2.939798e+00 5.257061e-08 -9.308953e-06 5.163013e-06 2.258159e+00
6.133864e+00 2.166232e+01 2.937378e+00 6.133864e+00 2.166232e+01 2.937378e+00 7.424173e-07 -9.023585e-06 -2.489169e-06 8.204061e-01
6.899578e+00 2.010232e+01 2.604182e+00 6.899578e+00 2.010232e+01 2.604182e+00 4.425131e-07 -1.021125e-05 2.611413e-07 1.594215e+00
6.898588e+00 2.113162e+01 2.639474e+00 6.898588e+00 2.113162e+01 2.639474e+00 5.324698e-07 -1.010925e-05 -1.112093e-06 1.180376e+00
8.599248e+00 2.017382e+01 2.396349e+00 8.599248e+00 2.017382e+01 2.396349e+00 3.278789e-07 -1.111743e-05 1.481736e-07 1.976120e+00
7.725295e+00 2.063352e+01 2.473043e+00 7.725295e+00 2.063352e+01 2.473043e+00 3.942842e-07 -1.080325e-05 -2.082331e-07 1.602821e+00
4.426056e+00 1.709913e+01 4.812607e+00 4.426056e+00 1.709913e+01 4.812607e+00 3.796832e-08 -3.398493e-06 6.728024e-06 7.318264e-01
5.747977e+00 1.692930e+01 3.684087e+00 5.747977e+00 1.692930e+01 3.684087e+00 2.408550e-08 -6.917954e-06 6.540993e-06 1.468780e+00
5.196155e+00 1.652048e+01 4.383945e+00 5.196155e+00 1.652048e+01 4.383945e+00 3.051789e-08 -4.774371e-06 7.838690e-06 1.042714e+00
6.985190e+00 1.559319e+01 3.795136e+00 6.985190e+00 1.559319e+01 3.795136e+00 6.590837e-08 -6.708161e-06 9.260970e-06 1.792819e+00
6.056168e+00 1.601508e+01 4.042739e+00 6.056168e+00 1.601508e+01 4.042739e+00 3.855133e-08 -5.853512e-06 8.712711e-06 1.433523e+00
8.702710e+00 2.387581e+01 2.834830e+00 8.702710e+00 2.387581e+01 2.834830e+00 6.829899e-07 -1.010683e-05 -6.314409e-06 5.272169e-01
7.193403e+00 2.410197e+01 3.294421e+00 7.193403e+00 2.410197e+01 3.294421e+00 1.005986e-06 -8.288698e-06 -7.664512e-06 5.907803e-01
7.778964e+00 2.258836e+01 2.633382e+00 7.778964e+00 2.258836e+01 2.633382e+00 7.161177e-07 -1.042265e-05 -3.223183e-06 7.666452e-01
8.649750e+00 2.297773e+01 2.580737e+00 8.649750e+00 2.297773e+01 2.580737e+00 6.565651e-07 -1.082805e-05 -3.678728e-06 6.777715e-01
4.404609e+00 2.372012e+01 5.232468e+00 4.404609e+00 2.372012e+01 5.232468e+00 8.093081e-07 -2.283720e-06 -8.214695e-06 8.794030e-01
5.722831e+00 2.408488e+01 4.104591e+00 5.722831e+00 2.408488e+01 4.104591e+00 9.938712e-07 -5.621423e-06 -8.525772e-06 7.117841e-01
5.174351e+00 2.436873e+01 4.872728e+00 5.174351e+00 2.436873e+01 4.872728e+00 8.639422e-07 -3.356558e-06 -9.576737e-06 8.577260e-01
6.966718e+00 2.539410e+01 4.382597e+00 6.966718e+00 2.539410e+01 4.382597e+00 8.374296e-07 -4.911966e-06 -1.162833e-05 8.621711e-01
6.035119e+00 2.493005e+01 4.586779e+00 6.035119e+00 2.493005e+01 4.586779e+00 8.718086e-07 -4.235396e-06 -1.071483e-05 8.531469e-01
8.600851e+00 2.111342e+01 2.406409e+00 8.600851e+00 2.111342e+01 2.406409e+00 3.624918e-07 -1.123307e-05 -3.986004e-07 1.515164e+00
8.619509e+00 2.205094e+01 2.452263e+00 8.619509e+00 2.205094e+01 2.452263e+00 3.239877e-07 -1.113079e-05 -1.556802e-06 1.037621e+00
5.377779e+00 1.476953e+01 6.983231e+00 5.377779e+00 1.476953e+01 6.983231e+00 1.293760e-07 3.583676e-06 1.218308e-05 5.985609e-01
5.139239e+00 1.545995e+01 5.631100e+00 5.139239e+00 1.545995e+01 5.631100e+00 1.095371e-07 -8.508179e-07 1.059261e-05 6.723077e-01
5.667258e+00 1.478015e+01 6.095157e+00 5.667258e+00 1.478015e+01 6.095157e+00 3.123962e-07 5.821361e-07 1.216654e-05 6.228932e-01
6.485744e+00 1.519114e+01 4.474298e+00 6.485744e+00 1.519114e+01 4.474298e+00 1.831050e-07 -4.562493e-06 1.068902e-05 1.297333e+00
6.043926e+00 1.491644e+01 5.250871e+00 6.043926e+00 1.491644e+01 5.250871e+00 3.184244e-07 -2.135643e-06 1.170993e-05 8.711349e-01
5.370490e+00 2.563490e+01 7.690053e+00 5.370490e+00 2.563490e+01 7.690053e+00 4.261250e-07 5.307175e-06 -1.279559e-05 8.468071e-01
5.127213e+00 2.519864e+01 6.264653e+00 5.127213e+00 2.519864e+01 6.264653e+00 5.676869e-07 8.162888e-07 -1.186297e-05 9.476675e-01
5.666432e+00 2.578998e+01 6.814202e+00 5.666432e+00 2.578998e+01 6.814202e+00 3.921386e-07 2.504287e-06 -1.327236e-05 8.864286e-01
6.474569e+00 2.567035e+01 5.132700e+00 6.474569e+00 2.567035e+01 5.132700e+00 6.765603e-07 -2.605727e-06 -1.265296e-05 9.559067e-01
6.040815e+00 2.580630e+01 5.954078e+00 6.040815e+00 2.580630e+01 5.954078e+00 5.094953e-07 -1.136799e-07 -1.323249e-05 9.555847e-01
1.038317e+01 1.738443e+01 2.546563e+00 1.038317e+01 1.738443e+01 2.546563e+00 5.005537e-07 -1.090976e-05 2.837383e-06 2.673517e+00
1.190059e+01 1.708311e+01 2.841039e+00 1.190059e+01 1.708311e+01 2.841039e+00 8.685939e-07 -9.759757e-06 4.522485e-06 2.318393e+00
1.128184e+01 1.868272e+01 2.465254e+00 1.128184e+01 1.868272e+01 2.465254e+00 4.425525e-07 -1.087874e-05 9.770534e-07 2.376797e+00
1.483999e+01 1.713565e+01 4.498974e+00 1.483999e+01 1.713565e+01 4.498974e+00 9.083368e-07 -4.463231e-06 6.463969e-06 5.203245e-01
1.342592e+01 1.696445e+01 3.481322e+00 1.342592e+01 1.696445e+01 3.481322e+00 9.694955e-07 -7.726308e-06 6.044269e-06 1.497404e+00
1.403866e+01 1.655602e+01 4.127445e+00 1.403866e+01 1.655602e+01 4.127445e+00 9.239122e-07 -5.716166e-06 7.499315e-06 9.407565e-01
1.221225e+01 1.562309e+01 3.652964e+00 1.221225e+01 1.562309e+01 3.652964e+00 8.159684e-07 -7.302623e-06 8.823718e-06 1.826530e+00
1.315598e+01 1.604873e+01 3.844445e+00 1.315598e+01 1.604873e+01 3.844445e+00 8.799609e-07 -6.646837e-06 8.261077e-06 1.430276e+00
1.294736e+01 2.166618e+01 2.790652e+00 1.294736e+01 2.166618e+01 2.790652e+00 1.238961e-07 -9.794839e-06 -2.453266e-06 7.215285e-01
1.215865e+01 2.011565e+01 2.524415e+00 1.215865e+01 2.011565e+01 2.524415e+00 4.896152e-07 -1.089357e-05 7.260801e-08 1.661495e+00
1.215979e+01 2.113747e+01 2.552876e+00 1.215979e+01 2.113747e+01 2.552876e+00 3.460216e-07 -1.083387e-05 -1.097475e-06 1.177395e+00
1.043623e+01 2.017906e+01 2.381668e+00 1.043623e+01 2.017906e+01 2.381668e+00 1.886017e-07 -1.136027e-05 2.210681e-08 2.007768e+00
1.132139e+01 2.063946e+01 2.432969e+00 1.132139e+01 2.063946e+01 2.432969e+00 3.504366e-07 -1.134832e-05 -3.022639e-07 1.647576e+00
1.039187e+01 2.387415e+01 2.799644e+00 1.039187e+01 2.387415e+01 2.799644e+00 3.165400e-07 -1.039277e-05 -6.281927e-06 4.843867e-01
1.128654e+01 2.258600e+01 2.571299e+00 1.128654e+01 2.258600e+01 2.571299e+00 1.905653e-07 -1.100138e-05 -3.123025e-06 7.004355e-01
1.041645e+01 2.297620e+01 2.549568e+00 1.041645e+01 2.297620e+01 2.549568e+00 3.093831e-07 -1.115264e-05 -3.631882e-06 6.386749e-01
1.192952e+01 2.409647e+01 3.178290e+00 1.192952e+01 2.409647e+01 3.178290e+00 -6.026781e-08 -8.918220e-06 -7.603078e-06 4.566451e-01
1.043500e+01 2.111544e+01 2.389004e+00 1.043500e+01 2.111544e+01 2.389004e+00 1.893530e-07 -1.154085e-05 -4.276451e-07 1.532611e+00
1.042722e+01 2.205044e+01 2.428196e+00 1.042722e+01 2.205044e+01 2.428196e+00 4.358631e-07 -1.146540e-05 -1.536834e-06 1.023021e+00
1.486882e+01 2.373311e+01 4.909025e+00 1.486882e+01 2.373311e+01 4.909025e+00 -5.000411e-08 -3.353122e-06 -8.166145e-06 4.252431e-01
1.345881e+01 2.408537e+01 3.885838e+00 1.345881e+01 2.408537e+01 3.885838e+00 -1.467606e-07 -6.484407e-06 -8.447227e-06 4.766458e-01
1.406863e+01 2.437569e+01 4.604057e+00 1.406863e+01 2.437569e+01 4.604057e+00 -5.586704e-08 -4.304914e-06 -9.501754e-06 5.396307e-01
1.223738e+01 2.539132e+01 4.228572e+00 1.223738e+01 2.539132e+01 4.228572e+00 1.103856e-07 -5.535605e-06 -1.158403e-05 7.517074e-01
1.318483e+01 2.493144e+01 4.375344e+00 1.318483e+01 2.493144e+01 4.375344e+00 -3.729164e-09 -5.040399e-06 -1.065297e-05 6.377380e-01
1.408602e+01 1.479894e+01 6.694500e+00 1.408602e+01 1.479894e+01 6.694500e+00 4.753609e-07 2.637931e-06 1.212892e-05 5.251792e-01
1.420833e+01 1.549328e+01 5.345946e+00 1.420833e+01 1.549328e+01 5.345946e+00 6.673290e-07 -1.835818e-06 1.039252e-05 4.654422e-01
1.372045e+01 1.480811e+01 5.834302e+00 1.372045e+01 1.480811e+01 5.834302e+00 4.099312e-07 -2.921705e-07 1.205092e-05 4.463438e-01
1.276690e+01 1.522082e+01 4.288511e+00 1.276690e+01 1.522082e+01 4.288511e+00 6.696055e-07 -5.281051e-06 1.038325e-05 1.270541e+00
1.327202e+01 1.494410e+01 5.025163e+00 1.327202e+01 1.494410e+01 5.025163e+00 4.892457e-07 -2.929448e-06 1.151183e-05 7.254094e-01
1.409649e+01 2.565336e+01 7.399466e+00 1.409649e+01 2.565336e+01 7.399466e+00 3.336210e-07 4.342552e-06 -1.280316e-05 8.131943e-01
1.422669e+01 2.521210e+01 5.972870e+00 1.422669e+01 2.521210e+01 5.972870e+00 2.106676e-07 -1.575959e-07 -1.181348e-05 5.958964e-01
1.372751e+01 2.580457e+01 6.549707e+00 1.372751e+01 2.580457e+01 6.549707e+00 3.847414e-07 1.631342e-06 -1.325693e-05 7.813057e-01
1.278573e+01 2.567318e+01 4.937735e+00 1.278573e+01 2.567318e+01 4.937735e+00 2.096103e-07 -3.304095e-06 -1.263335e-05 8.316462e-01
1.328305e+01 2.581586e+01 5.722175e+00 1.328305e+01 2.581586e+01 5.722175e+00 3.082960e-07 -8.984872e-07 -1.319651e-05 8.311307e-01
9.963581e+00 2.239650e+01 1.287555e+01 9.963581e+00 2.239650e+01 1.287555e+01 2.538211e-07 2.208316e-05 -1.676475e-06 1.622115e+01
6.368385e+00 1.407480e+01 8.202179e+00 6.368385e+00 1.407480e+01 8.202179e+00 1.787771e-07 7.392207e-06 1.388349e-05 7.458022e-01
7.742668e+00 1.362925e+01 9.009164e+00 7.742668e+00 1.362925e+01 9.009164e+00 2.191780e-07 9.803034e-06 1.501244e-05 8.415642e-01
1.097749e+01 1.401875e+01 1.047714e+01 1.097749e+01 1.401875e+01 1.047714e+01 1.222619e-07 1.436106e-05 1.366433e-05 9.686001e-01
9.311686e+00 1.359910e+01 9.799892e+00 9.311686e+00 1.359910e+01 9.799892e+00 2.376014e-07 1.220149e-05 1.491152e-05 9.391362e-01
1.039293e+01 1.359901e+01 9.764497e+00 1.039293e+01 1.359901e+01 9.764497e+00 2.161140e-07 1.208557e-05 1.493004e-05 9.466782e-01
9.268339e+00 1.324003e+01 8.115272e+00 9.268339e+00 1.324003e+01 8.115272e+00 2.638699e-07 6.987206e-06 1.612476e-05 6.582545e-01
9.820282e+00 1.333891e+01 8.965582e+00 9.820282e+00 1.333891e+01 8.965582e+00 2.502531e-07 9.621740e-06 1.578447e-05 8.181986e-01
1.319757e+01 1.409051e+01 7.970170e+00 1.319757e+01 1.409051e+01 7.970170e+00 3.854612e-07 6.683537e-06 1.391102e-05 6.923609e-01
1.189505e+01 1.363467e+01 8.870003e+00 1.189505e+01 1.363467e+01 8.870003e+00 2.956293e-07 9.365163e-06 1.505283e-05 8.356224e-01
1.229235e+01 1.366605e+01 8.009433e+00 1.229235e+01 1.366605e+01 8.009433e+00 3.533987e-07 6.711400e-06 1.504052e-05 6.945421e-01
1.030182e+01 1.324203e+01 8.079797e+00 1.030182e+01 1.324203e+01 8.079797e+00 2.923448e-07 6.873921e-06 1.613515e-05 6.599158e-01
1.131969e+01 1.338318e+01 8.044142e+00 1.131969e+01 1.338318e+01 8.044142e+00 3.211521e-07 6.763421e-06 1.577285e-05 6.788457e-01
9.535317e+00 2.332429e+01 2.605671e+00 9.535317e+00 2.332429e+01 2.605671e+00 5.269765e-07 -1.086355e-05 -4.445715e-06 5.788834e-01
6.295952e+00 1.422260e+01 6.587887e+00 6.295952e+00 1.422260e+01 6.587887e+00 4.645343e-07 2.125040e-06 1.344974e-05 5.932458e-01
7.602169e+00 1.393194e+01 5.638273e+00 7.602169e+00 1.393194e+01 5.638273e+00 4.298019e-07 -8.654605e-07 1.410137e-05 8.323318e-01
1.070612e+01 1.461088e+01 4.076626e+00 1.070612e+01 1.461088e+01 4.076626e+00 5.410266e-07 -6.004440e-06 1.152948e-05 1.756155e+00
9.105541e+00 1.405529e+01 4.767678e+00 9.105541e+00 1.405529e+01 4.767678e+00 3.989346e-07 -3.683692e-06 1.339111e-05 1.330249e+00
1.018271e+01 1.406126e+01 4.733935e+00 1.018271e+01 1.406126e+01 4.733935e+00 4.286130e-07 -3.824567e-06 1.335007e-05 1.327718e+00
9.194086e+00 1.340008e+01 6.354780e+00 9.194086e+00 1.340008e+01 6.354780e+00 3.604470e-07 1.391579e-06 1.558939e-05 6.316295e-01
9.675789e+00 1.365499e+01 5.504445e+00 9.675789e+00 1.365499e+01 5.504445e+00 3.838016e-07 -1.339995e-06 1.470557e-05 9.028385e-01
1.313158e+01 1.424348e+01 6.357745e+00 1.313158e+01 1.424348e+01 6.357745e+00 2.173700e-07 1.370199e-06 1.342212e-05 5.147888e-01
1.175196e+01 1.394870e+01 5.502459e+00 1.175196e+01 1.394870e+01 5.502459e+00 3.376229e-07 -1.356133e-06 1.403975e-05 7.356994e-01
1.222194e+01 1.382516e+01 6.316211e+00 1.222194e+01 1.382516e+01 6.316211e+00 2.642872e-07 1.261406e-06 1.453803e-05 5.240123e-01
1.022792e+01 1.340385e+01 6.319743e+00 1.022792e+01 1.340385e+01 6.319743e+00 3.326290e-07 1.267539e-06 1.558689e-05 6.107844e-01
1.124694e+01 1.354483e+01 6.306170e+00 1.124694e+01 1.354483e+01 6.306170e+00 3.004906e-07 1.214661e-06 1.523131e-05 5.700813e-01
6.364921e+00 2.610452e+01 8.987636e+00 6.364921e+00 2.610452e+01 8.987636e+00 4.313888e-07 9.508955e-06 -1.388392e-05 1.267838e+00
7.743743e+00 2.640236e+01 9.843978e+00 7.743743e+00 2.640236e+01 9.843978e+00 3.537892e-07 1.222020e-05 -1.450147e-05 2.817061e+00
1.097509e+01 2.575865e+01 1.120510e+01 1.097509e+01 2.575865e+01 1.120510e+01 4.030621e-07 1.661050e-05 -1.212854e-05 7.560625e+00
9.315529e+00 2.629272e+01 1.061305e+01 9.315529e+00 2.629272e+01 1.061305e+01 2.910661e-07 1.471681e-05 -1.385671e-05 5.364855e+00
1.039556e+01 2.629887e+01 1.057915e+01 1.039556e+01 2.629887e+01 1.057915e+01 3.272561e-07 1.458565e-05 -1.387831e-05 5.304148e+00
9.270974e+00 2.694530e+01 9.027082e+00 9.270974e+00 2.694530e+01 9.027082e+00 3.751724e-07 9.751369e-06 -1.610598e-05 1.860322e+00
9.823770e+00 2.669696e+01 9.842620e+00 9.823770e+00 2.669696e+01 9.842620e+00 3.335157e-07 1.223087e-05 -1.523228e-05 3.295033e+00
1.320666e+01 2.612619e+01 8.757373e+00 1.320666e+01 2.612619e+01 8.757373e+00 2.370864e-07 8.752161e-06 -1.391584e-05 1.306360e+00
1.190106e+01 2.641976e+01 9.707758e+00 1.190106e+01 2.641976e+01 9.707758e+00 3.352311e-07 1.171427e-05 -1.452626e-05 2.720650e+00
1.229967e+01 2.654053e+01 8.860298e+00 1.229967e+01 2.654053e+01 8.860298e+00 3.221074e-07 9.012273e-06 -1.498632e-05 1.518602e+00
1.030602e+01 2.694923e+01 8.991973e+00 1.030602e+01 2.694923e+01 8.991973e+00 3.600247e-07 9.627250e-06 -1.610301e-05 1.848218e+00
1.132539e+01 2.681533e+01 8.936235e+00 1.132539e+01 2.681533e+01 8.936235e+00 3.468145e-07 9.345219e-06 -1.573176e-05 1.717507e+00
6.304328e+00 2.625452e+01 7.374698e+00 6.304328e+00 2.625452e+01 7.374698e+00 2.476106e-07 4.239480e-06 -1.433770e-05 8.487414e-01
7.607401e+00 2.670692e+01 6.475370e+00 7.607401e+00 2.670692e+01 6.475370e+00 3.834486e-07 1.551969e-06 -1.548620e-05 8.872551e-01
1.071487e+01 2.631745e+01 4.799346e+00 1.071487e+01 2.631745e+01 4.799346e+00 4.513192e-07 -3.691283e-06 -1.406323e-05 9.827211e-01
9.107750e+00 2.673989e+01 5.581424e+00 9.107750e+00 2.673989e+01 5.581424e+00 5.077633e-07 -1.184500e-06 -1.538575e-05 9.850979e-01
1.018678e+01 2.673999e+01 5.546210e+00 1.018678e+01 2.673999e+01 5.546210e+00 5.027402e-07 -1.306576e-06 -1.536997e-05 1.001190e+00
9.198115e+00 2.710133e+01 7.266526e+00 9.198115e+00 2.710133e+01 7.266526e+00 4.118054e-07 4.155802e-06 -1.658786e-05 8.729267e-01
9.679218e+00 2.700192e+01 6.380706e+00 9.679218e+00 2.700192e+01 6.380706e+00 4.739663e-07 1.386197e-06 -1.625617e-05 9.153172e-01
1.312892e+01 2.627119e+01 7.143197e+00 1.312892e+01 2.627119e+01 7.143197e+00 5.592323e-07 3.479840e-06 -1.433084e-05 7.790436e-01
1.175388e+01 2.671305e+01 6.336719e+00 1.175388e+01 2.671305e+01 6.336719e+00 5.122149e-07 1.093676e-06 -1.545842e-05 9.077995e-01
1.222145e+01 2.668974e+01 7.165311e+00 1.222145e+01 2.668974e+01 7.165311e+00 5.262029e-07 3.639822e-06 -1.544739e-05 8.319355e-01
1.023068e+01 2.710350e+01 7.231129e+00 1.023068e+01 2.710350e+01 7.231129e+00 4.595540e-07 4.036730e-06 -1.657648e-05 8.816714e-01
1.124824e+01 2.696710e+01 7.196861e+00 1.124824e+01 2.696710e+01 7.196861e+00 4.947106e-07 3.891625e-06 -1.620870e-05 8.707413e-01
1.266519e+01 1.385457e+01 7.155749e+00 1.266519e+01 1.385457e+01 7.155749e+00 3.100238e-07 4.014340e-06 1.450838e-05 6.003215e-01
1.266736e+01 2.650911e+01 7.989221e+00 1.266736e+01 2.650911e+01 7.989221e+00 4.710852e-07 6.199799e-06 -1.492155e-05 9.278265e-01
