1 0 3 2 642
1.029022e+03 5.573389e+02 4.441290e-03 5.416175e-05
3.243312e+00 1.759626e+01 7.956078e+00 3.243312e+00 1.759626e+01 7.956078e+00 -2.224386e-07 -9.922370e-08 -9.141855e-08 7.524584e-01
1.624452e+01 1.810248e+01 7.951629e+00 1.624452e+01 1.810248e+01 7.951629e+00 -2.172434e-07 -5.662659e-08 8.189374e-08 8.233642e-01
3.064786e+00 2.182879e+01 3.415718e+00 3.064786e+00 2.182879e+01 3.415718e+00 -2.829542e-08 -7.230203e-08 -8.307970e-08 5.364106e-01
1.607639e+01 2.233686e+01 3.417612e+00 1.607639e+01 2.233686e+01 3.417612e+00 -2.162994e-08 -3.047162e-08 9.370365e-08 2.006524e-01
9.929494e+00 1.312683e+01 7.944875e+00 9.929494e+00 1.312683e+01 7.944875e+00 -1.631698e-07 -8.731389e-08 -1.595633e-08 7.738237e-01
9.651486e+00 1.999223e+01 2.525384e+00 9.651486e+00 1.999223e+01 2.525384e+00 1.358893e-08 -3.237653e-08 -1.979632e-10 2.678826e+00
9.662793e+00 1.995730e+01 8.837272e+00 9.662793e+00 1.995730e+01 8.837272e+00 -2.585645e-07 -9.567968e-08 8.162270e-13 1.502750e+01
9.388535e+00 2.681225e+01 3.386077e+00 9.388535e+00 2.681225e+01 3.386077e+00 -8.565537e-08 -4.387225e-08 1.853485e-08 3.955277e-01
5.859990e+00 1.429362e+01 3.403990e+00 5.859990e+00 1.429362e+01 3.403990e+00 -5.094591e-08 -2.006271e-08 -6.769737e-08 5.248189e-01
5.436048e+00 2.533507e+01 7.953476e+00 5.436048e+00 2.533507e+01 7.953476e+00 -1.870641e-07 -5.611906e-08 -3.947490e-08 6.255788e-01
1.388403e+01 1.461183e+01 3.397189e+00 1.388403e+01 1.461183e+01 3.397189e+00 -6.049088e-08 -7.232251e-08 3.976226e-08 4.912303e-01
1.344974e+01 2.565207e+01 7.952293e+00 1.344974e+01 2.565207e+01 7.952293e+00 -1.946790e-07 -1.108232e-07 6.561651e-08 5.811429e-01
1.633045e+00 1.965152e+01 5.688903e+00 1.633045e+00 1.965152e+01 5.688903e+00 -1.224996e-07 -7.120950e-08 -1.351776e-07 7.599706e-01
6.182225e+00 1.475657e+01 8.251207e+00 6.182225e+00 1.475657e+01 8.251207e+00 -2.050261e-07 -1.051596e-07 -5.144419e-08 1.299396e+00
6.369982e+00 1.874504e+01 8.898691e+00 6.369982e+00 1.874504e+01 8.898691e+00 -2.560670e-07 -9.937229e-08 -8.569716e-10 7.182760e+00
3.353941e+00 1.499826e+01 5.678879e+00 3.353941e+00 1.499826e+01 5.678879e+00 -1.214279e-07 -6.726566e-08 -1.237911e-07 7.456544e-01
3.637585e+00 2.166239e+01 8.257396e+00 3.637585e+00 2.166239e+01 8.257396e+00 -2.247022e-07 -7.510775e-08 -6.304643e-08 9.980207e-01
1.768241e+01 2.027765e+01 5.682318e+00 1.768241e+01 2.027765e+01 5.682318e+00 -1.218133e-07 -5.808094e-08 1.354204e-07 3.470607e-01
1.353736e+01 1.504426e+01 8.248716e+00 1.353736e+01 1.504426e+01 8.248716e+00 -2.005168e-07 -6.655540e-08 3.157926e-08 1.271738e+00
1.304041e+01 1.900674e+01 8.898672e+00 1.304041e+01 1.900674e+01 8.898672e+00 -2.548221e-07 -8.570841e-08 1.100858e-09 6.506829e+00
1.633142e+01 1.550682e+01 5.670381e+00 1.633142e+01 1.550682e+01 5.670381e+00 -1.218996e-07 -6.186806e-08 9.448538e-08 6.164064e-01
1.553434e+01 2.212977e+01 8.253503e+00 1.553434e+01 2.212977e+01 8.253503e+00 -2.277869e-07 -8.992782e-08 7.111374e-08 1.002382e+00
6.273695e+00 2.093454e+01 2.467597e+00 6.273695e+00 2.093454e+01 2.467597e+00 9.354707e-09 -4.291109e-08 -2.707729e-09 1.719506e+00
5.771491e+00 2.489976e+01 3.104997e+00 5.771491e+00 2.489976e+01 3.104997e+00 -4.621366e-08 -6.174535e-08 -3.054657e-08 5.566220e-01
3.780305e+00 1.780865e+01 3.110203e+00 3.780305e+00 1.780865e+01 3.110203e+00 -1.783401e-08 -3.956178e-08 -7.245908e-08 4.985274e-01
2.983182e+00 2.443038e+01 5.689926e+00 2.983182e+00 2.443038e+01 5.689926e+00 -1.246144e-07 -6.641740e-08 -9.434248e-08 7.646709e-01
1.294626e+01 2.119792e+01 2.475142e+00 1.294626e+01 2.119792e+01 2.475142e+00 1.232372e-08 -3.012481e-08 1.844388e-09 1.811843e+00
1.313736e+01 2.518480e+01 3.101217e+00 1.313736e+01 2.518480e+01 3.101217e+00 -4.064843e-08 -2.619092e-08 5.353152e-08 4.088947e-01
1.567682e+01 1.827677e+01 3.106150e+00 1.567682e+01 1.827677e+01 3.106150e+00 -2.088751e-08 -5.371650e-08 6.373282e-08 2.427170e-01
1.595971e+01 2.494148e+01 5.684417e+00 1.595971e+01 2.494148e+01 5.684417e+00 -1.230998e-07 -6.463578e-08 1.243195e-07 3.495406e-01
9.799846e+00 1.645142e+01 8.898449e+00 9.799846e+00 1.645142e+01 8.898449e+00 -2.388066e-07 -9.492446e-08 2.720941e-10 7.633340e+00
7.479598e+00 1.224474e+01 5.670448e+00 7.479598e+00 1.224474e+01 5.670448e+00 -1.170990e-07 -6.674276e-08 -6.543033e-08 7.605216e-01
1.243757e+01 1.244018e+01 5.666635e+00 1.243757e+01 1.244018e+01 5.666635e+00 -1.187577e-07 -6.426914e-08 1.778786e-08 7.184511e-01
9.509274e+00 2.349499e+01 2.413351e+00 9.509274e+00 2.349499e+01 2.413351e+00 -4.962440e-09 -3.351320e-08 1.090664e-09 1.794212e+00
7.695845e+00 1.707472e+01 2.463892e+00 7.695845e+00 1.707472e+01 2.463892e+00 3.348619e-09 -2.740200e-08 -1.420282e-09 1.546144e+00
1.181056e+01 1.722499e+01 2.464773e+00 1.181056e+01 1.722499e+01 2.464773e+00 2.944385e-10 -4.205333e-08 5.800956e-10 1.559635e+00
7.490341e+00 2.271290e+01 8.898334e+00 7.490341e+00 2.271290e+01 8.898334e+00 -2.468831e-07 -8.675864e-08 -7.736134e-10 6.088038e+00
1.161195e+01 2.287496e+01 8.898455e+00 1.161195e+01 2.287496e+01 8.898455e+00 -2.494710e-07 -1.011462e-07 2.845443e-10 5.855903e+00
6.890497e+00 2.749964e+01 5.679981e+00 6.890497e+00 2.749964e+01 5.679981e+00 -1.301986e-07 -6.421491e-08 -1.698554e-08 7.685029e-01
1.182817e+01 2.769296e+01 5.677464e+00 1.182817e+01 2.769296e+01 5.677464e+00 -1.294493e-07 -6.622342e-08 6.537857e-08 7.292630e-01
9.901873e+00 1.372745e+01 3.102474e+00 9.901873e+00 1.372745e+01 3.102474e+00 -5.005524e-08 -4.181573e-08 -1.349488e-08 4.558837e-01
9.415626e+00 2.621134e+01 8.255157e+00 9.415626e+00 2.621134e+01 8.255157e+00 -1.975905e-07 -8.803702e-08 1.230380e-08 8.207274e-01
2.097264e+00 1.855038e+01 7.013615e+00 2.097264e+00 1.855038e+01 7.013615e+00 -1.841585e-07 -8.572089e-08 -1.247864e-07 6.134619e-01
4.499951e+00 1.611274e+01 8.206622e+00 4.499951e+00 1.611274e+01 8.206622e+00 -2.237051e-07 -1.043733e-07 -7.039261e-08 1.069406e+00
4.712907e+00 1.813562e+01 8.721863e+00 4.712907e+00 1.813562e+01 8.721863e+00 -2.502586e-07 -1.019726e-07 -3.653841e-08 2.580549e+00
2.990968e+00 1.612962e+01 7.009334e+00 2.990968e+00 1.612962e+01 7.009334e+00 -1.806297e-07 -8.947705e-08 -1.196761e-07 6.229996e-01
3.236765e+00 1.953906e+01 8.210613e+00 3.236765e+00 1.953906e+01 8.210613e+00 -2.322653e-07 -9.317374e-08 -7.612285e-08 9.337570e-01
1.731033e+01 1.914337e+01 7.007423e+00 1.731033e+01 1.914337e+01 7.007423e+00 -1.816130e-07 -5.973741e-08 1.174588e-07 4.584873e-01
1.510808e+01 1.652622e+01 8.202996e+00 1.510808e+01 1.652622e+01 8.202996e+00 -2.171989e-07 -5.894528e-08 5.612901e-08 1.074375e+00
1.473959e+01 1.852805e+01 8.720214e+00 1.473959e+01 1.852805e+01 8.720214e+00 -2.470692e-07 -7.292425e-08 3.296478e-08 2.338984e+00
1.660821e+01 1.666081e+01 7.002479e+00 1.660821e+01 1.666081e+01 7.002479e+00 -1.760578e-07 -5.734102e-08 1.003374e-07 6.014853e-01
1.610047e+01 2.004141e+01 8.206633e+00 1.610047e+01 2.004141e+01 8.206633e+00 -2.306763e-07 -6.702935e-08 7.503049e-08 8.675917e-01
4.571329e+00 2.140899e+01 2.645179e+00 4.571329e+00 2.140899e+01 2.645179e+00 1.654064e-09 -5.518307e-08 -3.410500e-08 8.092528e-01
4.194003e+00 2.341068e+01 3.164558e+00 4.194003e+00 2.341068e+01 3.164558e+00 -2.894702e-08 -6.976696e-08 -5.634642e-08 5.367818e-01
3.210470e+00 1.989231e+01 3.160613e+00 3.210470e+00 1.989231e+01 3.160613e+00 -1.540368e-08 -6.226502e-08 -7.652698e-08 5.032620e-01
2.698334e+00 2.326917e+01 4.366192e+00 2.698334e+00 2.326917e+01 4.366192e+00 -6.961508e-08 -7.148445e-08 -1.006801e-07 6.634459e-01
1.460506e+01 2.180105e+01 2.653046e+00 1.460506e+01 2.180105e+01 2.653046e+00 6.045023e-09 -2.667512e-08 3.772127e-08 6.635327e-01
1.482425e+01 2.382482e+01 3.164460e+00 1.482425e+01 2.382482e+01 3.164460e+00 -2.119997e-08 -2.631062e-08 7.168713e-08 3.234220e-01
1.607801e+01 2.039466e+01 3.159403e+00 1.607801e+01 2.039466e+01 3.159403e+00 -1.273474e-08 -3.618894e-08 7.791229e-08 2.372142e-01
1.633008e+01 2.380393e+01 4.362472e+00 1.633008e+01 2.380393e+01 4.362472e+00 -6.455301e-08 -4.107682e-08 1.212337e-07 1.941397e-01
9.868620e+00 1.468770e+01 8.717489e+00 9.868620e+00 1.468770e+01 8.717489e+00 -2.108238e-07 -9.322776e-08 -6.057001e-09 2.869715e+00
8.668291e+00 1.233720e+01 6.997450e+00 8.668291e+00 1.233720e+01 6.997450e+00 -1.459930e-07 -8.321194e-08 -4.001092e-08 5.870607e-01
1.124787e+01 1.243871e+01 6.996073e+00 1.124787e+01 1.243871e+01 6.996073e+00 -1.461423e-07 -7.385494e-08 -4.456955e-09 5.522345e-01
9.577048e+00 2.172404e+01 2.476265e+00 9.577048e+00 2.172404e+01 2.476265e+00 6.138005e-09 -3.286234e-08 -7.688610e-10 2.498280e+00
8.684898e+00 1.855105e+01 2.506756e+00 8.684898e+00 1.855105e+01 2.506756e+00 9.744101e-09 -3.048492e-08 2.716524e-09 2.377014e+00
1.071947e+01 1.862591e+01 2.505480e+00 1.071947e+01 1.862591e+01 2.505480e+00 8.545751e-09 -3.586657e-08 -1.758847e-09 2.396904e+00
8.589321e+00 2.131819e+01 8.860779e+00 8.589321e+00 2.131819e+01 8.860779e+00 -2.546676e-07 -9.281457e-08 1.495571e-09 1.183836e+01
1.062611e+01 2.139825e+01 8.860880e+00 1.062611e+01 2.139825e+01 8.860880e+00 -2.555299e-07 -9.709273e-08 -2.866072e-09 1.157782e+01
8.075310e+00 2.749964e+01 4.344434e+00 8.075310e+00 2.749964e+01 4.344434e+00 -1.034566e-07 -5.611034e-08 5.256039e-09 5.733914e-01
1.064724e+01 2.759858e+01 4.341603e+00 1.064724e+01 2.759858e+01 4.341603e+00 -1.018123e-07 -4.869563e-08 4.115448e-08 5.153099e-01
7.746979e+00 1.383413e+01 3.150987e+00 7.746979e+00 1.383413e+01 3.150987e+00 -4.775640e-08 -2.485140e-08 -4.040998e-08 4.773266e-01
7.280788e+00 2.593790e+01 8.206746e+00 7.280788e+00 2.593790e+01 8.206746e+00 -1.927059e-07 -6.762308e-08 -1.376595e-08 7.324037e-01
2.001454e+00 2.078696e+01 4.362834e+00 2.001454e+00 2.078696e+01 4.362834e+00 -6.370797e-08 -6.934718e-08 -1.187866e-07 6.608180e-01
2.191228e+00 2.083262e+01 7.155811e+00 2.191228e+00 2.083262e+01 7.155811e+00 -1.836586e-07 -7.564655e-08 -1.105658e-07 5.959196e-01
1.949562e+00 2.213953e+01 5.733176e+00 1.949562e+00 2.213953e+01 5.733176e+00 -1.216313e-07 -6.823529e-08 -1.207574e-07 7.684828e-01
2.146611e+00 1.719623e+01 5.644215e+00 2.146611e+00 1.719623e+01 5.644215e+00 -1.242525e-07 -6.993719e-08 -1.361429e-07 7.261832e-01
2.276559e+00 1.851814e+01 4.219164e+00 2.276559e+00 1.851814e+01 4.219164e+00 -6.088395e-08 -5.932982e-08 -1.175967e-07 5.878129e-01
8.078306e+00 1.371980e+01 8.200914e+00 8.078306e+00 1.371980e+01 8.200914e+00 -1.793575e-07 -9.887696e-08 -3.259021e-08 1.115126e+00
4.544560e+00 1.445483e+01 7.144687e+00 4.544560e+00 1.445483e+01 7.144687e+00 -1.705481e-07 -9.200300e-08 -9.695090e-08 6.205176e-01
6.525438e+00 1.313135e+01 7.140547e+00 6.525438e+00 1.313135e+01 7.140547e+00 -1.551928e-07 -9.077024e-08 -6.895920e-08 6.059032e-01
6.219752e+00 1.670151e+01 8.788907e+00 6.219752e+00 1.670151e+01 8.788907e+00 -2.423396e-07 -1.062838e-07 -2.088415e-08 3.939751e+00
7.967749e+00 1.553222e+01 8.787826e+00 7.967749e+00 1.553222e+01 8.787826e+00 -2.262402e-07 -1.031692e-07 -1.439231e-08 4.087114e+00
8.036184e+00 1.935835e+01 8.860855e+00 8.036184e+00 1.935835e+01 8.860855e+00 -2.574483e-07 -9.712696e-08 3.789619e-09 1.279767e+01
7.981505e+00 1.744345e+01 8.887670e+00 7.981505e+00 1.744345e+01 8.887670e+00 -2.482797e-07 -1.002149e-07 9.702998e-10 9.096466e+00
4.928837e+00 2.020373e+01 8.790381e+00 4.928837e+00 2.020373e+01 8.790381e+00 -2.523912e-07 -9.074919e-08 -2.412554e-08 3.430823e+00
6.751048e+00 2.077984e+01 8.887566e+00 6.751048e+00 2.077984e+01 8.887566e+00 -2.546217e-07 -9.148714e-08 7.584912e-10 8.082773e+00
4.373317e+00 1.438617e+01 4.349066e+00 4.373317e+00 1.438617e+01 4.349066e+00 -7.478141e-08 -3.895531e-08 -1.024894e-07 6.733680e-01
3.104676e+00 1.628509e+01 4.214614e+00 3.104676e+00 1.628509e+01 4.214614e+00 -6.668376e-08 -4.493127e-08 -1.123257e-07 5.856713e-01
5.211386e+00 1.331456e+01 5.714163e+00 5.211386e+00 1.331456e+01 5.714163e+00 -1.162693e-07 -6.663751e-08 -9.923956e-08 7.636484e-01
4.410362e+00 2.368226e+01 8.208012e+00 4.410362e+00 2.368226e+01 8.208012e+00 -2.055764e-07 -5.872586e-08 -4.997333e-08 7.890632e-01
5.500584e+00 2.222649e+01 8.789410e+00 5.500584e+00 2.222649e+01 8.789410e+00 -2.425600e-07 -7.879787e-08 -1.986494e-08 3.108524e+00
2.841056e+00 2.312784e+01 7.154795e+00 2.841056e+00 2.312784e+01 7.154795e+00 -1.751254e-07 -6.316629e-08 -9.090808e-08 6.024221e-01
1.722036e+01 2.137913e+01 4.358033e+00 1.722036e+01 2.137913e+01 4.358033e+00 -6.047893e-08 -4.443534e-08 1.264600e-07 2.457633e-01
1.736280e+01 1.779124e+01 5.636401e+00 1.736280e+01 1.779124e+01 5.636401e+00 -1.239116e-07 -6.045208e-08 1.206816e-07 3.746795e-01
1.712385e+01 1.909942e+01 4.213137e+00 1.712385e+01 1.909942e+01 4.213137e+00 -6.127695e-08 -5.364678e-08 1.120335e-07 2.416012e-01
1.703817e+01 2.141360e+01 7.149395e+00 1.703817e+01 2.141360e+01 7.149395e+00 -1.844345e-07 -7.025125e-08 1.166722e-07 4.861643e-01
1.717096e+01 2.273532e+01 5.725712e+00 1.717096e+01 2.273532e+01 5.725712e+00 -1.204254e-07 -6.004097e-08 1.363064e-07 3.204229e-01
1.172854e+01 1.386301e+01 8.199684e+00 1.172854e+01 1.386301e+01 8.199684e+00 -1.780686e-07 -7.748445e-08 7.118256e-09 1.055536e+00
1.334927e+01 1.698060e+01 8.788044e+00 1.334927e+01 1.698060e+01 8.788044e+00 -2.383678e-07 -7.477395e-08 1.536433e-08 3.636591e+00
1.169780e+01 1.567841e+01 8.787301e+00 1.169780e+01 1.567841e+01 8.787301e+00 -2.236642e-07 -8.270332e-08 7.209551e-09 3.922616e+00
1.519085e+01 1.487088e+01 7.138615e+00 1.519085e+01 1.487088e+01 7.138615e+00 -1.670230e-07 -5.767166e-08 6.831608e-08 7.191611e-01
1.332078e+01 1.339785e+01 7.136758e+00 1.332078e+01 1.339785e+01 7.136758e+00 -1.532237e-07 -6.435957e-08 3.135367e-08 5.338596e-01
1.133135e+01 1.948777e+01 8.861027e+00 1.133135e+01 1.948777e+01 8.861027e+00 -2.569267e-07 -9.205548e-08 -3.260477e-09 1.225524e+01
1.436296e+01 2.057393e+01 8.789040e+00 1.436296e+01 2.057393e+01 8.789040e+00 -2.528202e-07 -8.689128e-08 2.545160e-08 3.070797e+00
1.250118e+01 2.100580e+01 8.887593e+00 1.250118e+01 2.100580e+01 8.887593e+00 -2.557189e-07 -9.482559e-08 -9.993775e-10 7.446331e+00
1.153530e+01 1.758287e+01 8.887719e+00 1.153530e+01 1.758287e+01 8.887719e+00 -2.467792e-07 -8.797218e-08 -1.276268e-10 8.673576e+00
1.536021e+01 1.481882e+01 4.341133e+00 1.536021e+01 1.481882e+01 4.341133e+00 -8.073398e-08 -6.894298e-08 6.930693e-08 4.302441e-01
1.461250e+01 1.368371e+01 5.707153e+00 1.461250e+01 1.368371e+01 5.707153e+00 -1.177393e-07 -6.185936e-08 5.880769e-08 6.405039e-01
1.647506e+01 1.681087e+01 4.207156e+00 1.647506e+01 1.681087e+01 4.207156e+00 -7.063985e-08 -6.528130e-08 9.148158e-08 2.783022e-01
1.460395e+01 2.408474e+01 8.205269e+00 1.460395e+01 2.408474e+01 8.205269e+00 -2.125560e-07 -1.093496e-07 6.697531e-08 8.148126e-01
1.620936e+01 2.365390e+01 7.148721e+00 1.620936e+01 2.365390e+01 7.148721e+00 -1.781776e-07 -8.544466e-08 1.109677e-07 4.587821e-01
1.363392e+01 2.254653e+01 8.788378e+00 1.363392e+01 2.254653e+01 8.788378e+00 -2.466870e-07 -1.017307e-07 2.390488e-08 2.850504e+00
7.981702e+00 2.045447e+01 2.507314e+00 7.981702e+00 2.045447e+01 2.507314e+00 1.205277e-08 -3.574677e-08 3.150391e-09 2.458504e+00
5.948601e+00 2.296327e+01 2.577378e+00 5.948601e+00 2.296327e+01 2.577378e+00 -7.179818e-09 -5.286532e-08 -1.482584e-08 1.098956e+00
7.757024e+00 2.235973e+01 2.465252e+00 7.757024e+00 2.235973e+01 2.465252e+00 1.498051e-09 -3.995823e-08 3.507471e-10 1.999523e+00
4.946851e+00 1.936658e+01 2.575518e+00 4.946851e+00 1.936658e+01 2.575518e+00 6.007407e-09 -4.272632e-08 -2.582606e-08 9.951727e-01
6.806955e+00 1.893969e+01 2.477763e+00 6.806955e+00 1.893969e+01 2.477763e+00 9.901317e-09 -3.344625e-08 3.539249e-10 1.875024e+00
7.587315e+00 2.608066e+01 3.136490e+00 7.587315e+00 2.608066e+01 3.136490e+00 -7.068756e-08 -5.196148e-08 -4.951873e-09 4.795126e-01
4.121587e+00 2.506843e+01 4.221188e+00 4.121587e+00 2.506843e+01 4.221188e+00 -8.006622e-08 -7.047636e-08 -6.800046e-08 5.935320e-01
6.000482e+00 2.654453e+01 4.212284e+00 6.000482e+00 2.654453e+01 4.212284e+00 -9.510741e-08 -6.388128e-08 -3.011306e-08 5.646770e-01
7.608282e+00 2.426672e+01 2.547080e+00 7.608282e+00 2.426672e+01 2.547080e+00 -2.120985e-08 -4.578436e-08 -5.921506e-09 1.107535e+00
4.709207e+00 1.585998e+01 3.154516e+00 4.709207e+00 1.585998e+01 3.154516e+00 -3.320368e-08 -2.052633e-08 -6.863279e-08 4.774634e-01
5.682514e+00 1.739601e+01 2.574130e+00 5.682514e+00 1.739601e+01 2.574130e+00 7.202147e-10 -2.724234e-08 -2.435082e-08 9.394777e-01
3.959536e+00 2.512439e+01 7.011708e+00 3.959536e+00 2.512439e+01 7.011708e+00 -1.668936e-07 -5.910664e-08 -6.887709e-08 6.479297e-01
4.710268e+00 2.625796e+01 5.644981e+00 4.710268e+00 2.625796e+01 5.644981e+00 -1.300053e-07 -6.597829e-08 -5.809964e-08 7.528907e-01
1.128148e+01 2.058263e+01 2.499811e+00 1.128148e+01 2.058263e+01 2.499811e+00 1.329478e-08 -3.184223e-08 -4.341137e-09 2.497054e+00
1.438382e+01 1.973589e+01 2.575638e+00 1.438382e+01 1.973589e+01 2.575638e+00 6.505181e-09 -3.856221e-08 2.506252e-08 9.126829e-01
1.256096e+01 1.916001e+01 2.474863e+00 1.256096e+01 1.916001e+01 2.474863e+00 8.312032e-09 -3.774101e-08 -1.982737e-10 1.930389e+00
1.310777e+01 2.324125e+01 2.576290e+00 1.310777e+01 2.324125e+01 2.576290e+00 -3.273560e-09 -2.398974e-08 2.049388e-08 1.085125e+00
1.134778e+01 2.249484e+01 2.451776e+00 1.134778e+01 2.249484e+01 2.451776e+00 3.021957e-09 -2.885617e-08 -1.171018e-09 2.060983e+00
1.123932e+01 2.621993e+01 3.132211e+00 1.123932e+01 2.621993e+01 3.132211e+00 -6.817530e-08 -3.245563e-08 3.564466e-08 3.910858e-01
1.135600e+01 2.440840e+01 2.540454e+00 1.135600e+01 2.440840e+01 2.540454e+00 -1.924638e-08 -2.662932e-08 1.624188e-08 1.097327e+00
1.477077e+01 2.548518e+01 4.216892e+00 1.477077e+01 2.548518e+01 4.216892e+00 -7.383266e-08 -3.949349e-08 9.802807e-08 3.344787e-01
1.278578e+01 2.680838e+01 4.208001e+00 1.278578e+01 2.680838e+01 4.208001e+00 -9.082589e-08 -4.266888e-08 6.997378e-08 3.934473e-01
1.490716e+01 1.626266e+01 3.149038e+00 1.490716e+01 1.626266e+01 3.149038e+00 -4.097860e-08 -6.978666e-08 5.019611e-08 2.582960e-01
1.381188e+01 1.771438e+01 2.572271e+00 1.381188e+01 1.771438e+01 2.572271e+00 -3.378133e-09 -4.920646e-08 1.891395e-08 8.134300e-01
1.493607e+01 2.555818e+01 7.007918e+00 1.493607e+01 2.555818e+01 7.007918e+00 -1.699048e-07 -9.283865e-08 1.013810e-07 3.772228e-01
1.409593e+01 2.662711e+01 5.640818e+00 1.409593e+01 2.662711e+01 5.640818e+00 -1.280541e-07 -6.573039e-08 9.897647e-08 5.019367e-01
9.730539e+00 1.822549e+01 8.861099e+00 9.730539e+00 1.822549e+01 8.861099e+00 -2.514514e-07 -9.526862e-08 8.391281e-10 1.318954e+01
6.518668e+00 1.295497e+01 4.345696e+00 6.518668e+00 1.295497e+01 4.345696e+00 -8.006467e-08 -4.116890e-08 -7.771626e-08 6.929653e-01
9.973543e+00 1.197278e+01 5.628218e+00 9.973543e+00 1.197278e+01 5.628218e+00 -1.211435e-07 -6.752458e-08 -2.502010e-08 7.443467e-01
8.759526e+00 1.251363e+01 4.204837e+00 8.759526e+00 1.251363e+01 4.204837e+00 -8.472149e-08 -4.674775e-08 -4.112400e-08 6.497968e-01
1.333541e+01 1.322452e+01 4.339212e+00 1.333541e+01 1.322452e+01 4.339212e+00 -8.646814e-08 -6.626152e-08 3.653196e-08 6.509841e-01
1.113824e+01 1.260782e+01 4.202724e+00 1.113824e+01 1.260782e+01 4.202724e+00 -8.793742e-08 -5.846067e-08 -1.039584e-09 6.524981e-01
9.446889e+00 2.525709e+01 2.600736e+00 9.446889e+00 2.525709e+01 2.600736e+00 -3.622675e-08 -3.607727e-08 8.922092e-09 8.185416e-01
6.726704e+00 1.559923e+01 2.640659e+00 6.726704e+00 1.559923e+01 2.640659e+00 -1.289026e-08 -2.082574e-08 -2.693123e-08 6.828094e-01
9.764506e+00 1.696598e+01 2.476413e+00 9.764506e+00 1.696598e+01 2.476413e+00 2.073566e-10 -3.367796e-08 -1.885678e-11 1.783586e+00
8.789320e+00 1.532421e+01 2.572391e+00 8.789320e+00 1.532421e+01 2.572391e+00 -1.613247e-08 -2.877361e-08 -8.868084e-09 8.450124e-01
1.291356e+01 1.584405e+01 2.636162e+00 1.291356e+01 1.584405e+01 2.636162e+00 -1.882262e-08 -5.454968e-08 1.600303e-08 5.140754e-01
1.088297e+01 1.540999e+01 2.570138e+00 1.088297e+01 1.540999e+01 2.570138e+00 -1.877116e-08 -4.274844e-08 9.572312e-11 8.042541e-01
6.399264e+00 2.410111e+01 8.720095e+00 6.399264e+00 2.410111e+01 8.720095e+00 -2.272120e-07 -7.343147e-08 -1.610924e-08 1.921461e+00
9.543781e+00 2.297833e+01 8.887696e+00 9.543781e+00 2.297833e+01 8.887696e+00 -2.470410e-07 -9.464917e-08 -6.083095e-10 7.263999e+00
8.431540e+00 2.453225e+01 8.789508e+00 8.431540e+00 2.453225e+01 8.789508e+00 -2.282188e-07 -8.577911e-08 -5.464678e-10 2.766260e+00
1.258976e+01 2.434494e+01 8.719930e+00 1.258976e+01 2.434494e+01 8.719930e+00 -2.327298e-07 -1.085192e-07 2.597636e-08 1.899187e+00
1.052970e+01 2.461485e+01 8.789737e+00 1.052970e+01 2.461485e+01 8.789737e+00 -2.305715e-07 -1.003129e-07 8.100556e-09 2.708494e+00
5.990704e+00 2.671872e+01 7.009073e+00 5.990704e+00 2.671872e+01 7.009073e+00 -1.631197e-07 -6.247050e-08 -3.626999e-08 6.629300e-01
9.346501e+00 2.796308e+01 5.717299e+00 9.346501e+00 2.796308e+01 5.717299e+00 -1.296222e-07 -6.580588e-08 2.505095e-08 7.819032e-01
8.185263e+00 2.733091e+01 7.147819e+00 8.185263e+00 2.733091e+01 7.147819e+00 -1.607730e-07 -7.117835e-08 1.382522e-09 6.570902e-01
1.278679e+01 2.698701e+01 7.007492e+00 1.278679e+01 2.698701e+01 7.007492e+00 -1.664378e-07 -9.330266e-08 7.625643e-08 6.012043e-01
1.055337e+01 2.742417e+01 7.147488e+00 1.055337e+01 2.742417e+01 7.147488e+00 -1.628326e-07 -8.438965e-08 4.045139e-08 6.837981e-01
1.203930e+01 1.400502e+01 3.146604e+00 1.203930e+01 1.400502e+01 3.146604e+00 -5.574156e-08 -6.141057e-08 1.330345e-08 4.823212e-01
1.156450e+01 2.610718e+01 8.206825e+00 1.156450e+01 2.610718e+01 8.206825e+00 -1.992253e-07 -1.060552e-07 3.820557e-08 7.310240e-01
2.606364e+00 1.805511e+01 7.548476e+00 2.606364e+00 1.805511e+01 7.548476e+00 -2.058413e-07 -9.252292e-08 -1.093502e-07 5.963597e-01
3.812652e+00 1.684888e+01 8.116503e+00 3.812652e+00 1.684888e+01 8.116503e+00 -2.258997e-07 -1.026001e-07 -8.072336e-08 8.894429e-01
3.935354e+00 1.785013e+01 8.423568e+00 3.935354e+00 1.785013e+01 8.423568e+00 -2.396269e-07 -1.021231e-07 -6.370879e-08 1.326359e+00
3.056631e+00 1.683486e+01 7.546647e+00 3.056631e+00 1.683486e+01 7.546647e+00 -2.040099e-07 -9.533055e-08 -1.073257e-07 6.134459e-01
3.191394e+00 1.853363e+01 8.118602e+00 3.191394e+00 1.853363e+01 8.118602e+00 -2.297576e-07 -9.787115e-08 -8.358912e-08 8.314949e-01
1.684284e+01 1.860975e+01 7.543120e+00 1.684284e+01 1.860975e+01 7.543120e+00 -2.024080e-07 -5.833084e-08 1.003652e-07 6.025098e-01
1.573562e+01 1.731312e+01 8.112395e+00 1.573562e+01 1.731312e+01 8.112395e+00 -2.198392e-07 -5.655594e-08 6.927889e-08 8.883093e-01
1.553615e+01 1.830284e+01 8.420577e+00 1.553615e+01 1.830284e+01 8.420577e+00 -2.344838e-07 -6.234118e-08 5.717032e-08 1.256389e+00
1.648912e+01 1.735823e+01 7.540988e+00 1.648912e+01 1.735823e+01 7.540988e+00 -1.989264e-07 -5.638237e-08 9.307719e-08 6.421222e-01
1.622379e+01 1.904153e+01 8.114549e+00 1.622379e+01 1.904153e+01 8.114549e+00 -2.256245e-07 -5.992341e-08 7.799005e-08 8.117165e-01
3.773795e+00 2.163166e+01 2.945837e+00 3.773795e+00 2.163166e+01 2.945837e+00 -1.064271e-08 -6.658463e-08 -5.879643e-08 5.660044e-01
3.569760e+00 2.262072e+01 3.256030e+00 3.569760e+00 2.262072e+01 3.256030e+00 -2.589247e-08 -7.227131e-08 -6.986748e-08 5.249242e-01
3.086319e+00 2.089041e+01 3.253024e+00 3.086319e+00 2.089041e+01 3.253024e+00 -2.035964e-08 -6.918324e-08 -7.934029e-08 5.067365e-01
2.817476e+00 2.257156e+01 3.827899e+00 2.817476e+00 2.257156e+01 3.827899e+00 -4.596401e-08 -7.250044e-08 -9.439491e-08 5.814423e-01
1.538332e+01 2.208507e+01 2.950733e+00 1.538332e+01 2.208507e+01 2.950733e+00 -4.246567e-09 -2.730467e-08 6.604296e-08 3.573158e-01
1.551012e+01 2.308649e+01 3.257859e+00 1.551012e+01 2.308649e+01 3.257859e+00 -1.851312e-08 -2.757937e-08 8.244282e-08 2.507687e-01
1.612472e+01 2.139926e+01 3.253392e+00 1.612472e+01 2.139926e+01 3.253392e+00 -1.476524e-08 -3.161405e-08 8.556624e-08 2.249673e-01
1.626532e+01 2.309758e+01 3.827125e+00 1.626532e+01 2.309758e+01 3.827125e+00 -3.993906e-08 -3.422424e-08 1.095877e-07 1.939674e-01
9.900778e+00 1.386122e+01 8.415840e+00 9.900778e+00 1.386122e+01 8.415840e+00 -1.837837e-07 -9.048561e-08 -1.099144e-08 1.473288e+00
9.296320e+00 1.266512e+01 7.534622e+00 9.296320e+00 1.266512e+01 7.534622e+00 -1.557064e-07 -8.567498e-08 -2.696791e-08 5.867551e-01
1.059664e+01 1.271626e+01 7.534061e+00 1.059664e+01 1.271626e+01 7.534061e+00 -1.556582e-07 -8.056916e-08 -1.199791e-08 5.613543e-01
9.616915e+00 2.085063e+01 2.509618e+00 9.616915e+00 2.085063e+01 2.509618e+00 1.125292e-08 -3.247763e-08 -5.584637e-10 2.660861e+00
9.175453e+00 1.927668e+01 2.525654e+00 9.175453e+00 1.927668e+01 2.525654e+00 1.160579e-08 -3.124832e-08 1.536317e-09 2.598377e+00
1.018015e+01 1.931498e+01 2.524274e+00 1.018015e+01 1.931498e+01 2.524274e+00 1.193583e-08 -3.345651e-08 -1.232591e-09 2.608110e+00
9.131016e+00 2.063139e+01 8.842497e+00 9.131016e+00 2.063139e+01 8.842497e+00 -2.571594e-07 -9.464118e-08 8.850238e-10 1.410323e+01
1.014002e+01 2.067104e+01 8.842554e+00 1.014002e+01 2.067104e+01 8.842554e+00 -2.574434e-07 -9.606700e-08 -1.644236e-09 1.396082e+01
8.723439e+00 2.722220e+01 3.801650e+00 8.723439e+00 2.722220e+01 3.801650e+00 -9.314799e-08 -4.966079e-08 1.364891e-08 4.543392e-01
1.002150e+01 2.727174e+01 3.799966e+00 1.002150e+01 2.727174e+01 3.799966e+00 -9.253149e-08 -4.563696e-08 2.887063e-08 4.164505e-01
6.759403e+00 1.402468e+01 3.242493e+00 6.759403e+00 1.402468e+01 3.242493e+00 -4.880603e-08 -1.992802e-08 -5.455234e-08 4.935190e-01
6.311773e+00 2.567228e+01 8.114876e+00 6.311773e+00 2.567228e+01 8.114876e+00 -1.899952e-07 -5.953026e-08 -2.714829e-08 6.581036e-01
1.714075e+00 2.022923e+01 5.002579e+00 1.714075e+00 2.022923e+01 5.002579e+00 -9.131863e-08 -6.908075e-08 -1.304058e-07 7.419965e-01
1.769750e+00 2.028193e+01 6.438011e+00 1.769750e+00 2.028193e+01 6.438011e+00 -1.543507e-07 -7.390462e-08 -1.278336e-07 6.958039e-01
1.693966e+00 2.089821e+01 5.723255e+00 1.693966e+00 2.089821e+01 5.723255e+00 -1.217060e-07 -6.999482e-08 -1.298697e-07 7.670327e-01
1.793300e+00 1.841304e+01 5.654950e+00 1.793300e+00 1.841304e+01 5.654950e+00 -1.236999e-07 -7.122202e-08 -1.374897e-07 7.396838e-01
1.816031e+00 1.903332e+01 4.939430e+00 1.816031e+00 1.903332e+01 4.939430e+00 -9.100095e-08 -6.662165e-08 -1.321614e-07 7.090503e-01
7.121764e+00 1.418709e+01 8.240541e+00 7.121764e+00 1.418709e+01 8.240541e+00 -1.922691e-07 -1.035399e-07 -4.221220e-08 1.256936e+00
5.331471e+00 1.452155e+01 7.766059e+00 5.331471e+00 1.452155e+01 7.766059e+00 -1.901815e-07 -1.003300e-07 -7.453658e-08 7.468213e-01
6.288211e+00 1.388197e+01 7.764249e+00 6.288211e+00 1.388197e+01 7.764249e+00 -1.797572e-07 -9.946057e-08 -6.244444e-08 7.440812e-01
6.174727e+00 1.570667e+01 8.589706e+00 6.174727e+00 1.570667e+01 8.589706e+00 -2.268102e-07 -1.069759e-07 -3.676935e-08 2.383248e+00
7.064573e+00 1.511141e+01 8.588743e+00 7.064573e+00 1.511141e+01 8.588743e+00 -2.160186e-07 -1.059130e-07 -3.077199e-08 2.427930e+00
7.205598e+00 1.905259e+01 8.885299e+00 7.205598e+00 1.905259e+01 8.885299e+00 -2.565832e-07 -9.807338e-08 3.612693e-09 1.006939e+01
7.143954e+00 1.805882e+01 8.892452e+00 7.143954e+00 1.805882e+01 8.892452e+00 -2.526457e-07 -1.007818e-07 1.165387e-09 8.519837e+00
5.640702e+00 1.947231e+01 8.877807e+00 5.640702e+00 1.947231e+01 8.877807e+00 -2.562077e-07 -9.578309e-08 -8.665483e-09 5.331700e+00
6.513315e+00 1.976885e+01 8.892480e+00 6.513315e+00 1.976885e+01 8.892480e+00 -2.564958e-07 -9.512764e-08 9.533391e-10 8.010044e+00
3.791707e+00 1.461716e+01 4.990191e+00 3.791707e+00 1.461716e+01 4.990191e+00 -9.569008e-08 -5.292517e-08 -1.162825e-07 7.376139e-01
3.090940e+00 1.559061e+01 4.931907e+00 3.090940e+00 1.559061e+01 4.931907e+00 -9.453028e-08 -5.487126e-08 -1.231585e-07 7.022282e-01
4.210984e+00 1.409117e+01 5.708162e+00 4.210984e+00 1.409117e+01 5.708162e+00 -1.188677e-07 -6.715527e-08 -1.135187e-07 7.555826e-01
3.984097e+00 2.270575e+01 8.247159e+00 3.984097e+00 2.270575e+01 8.247159e+00 -2.165094e-07 -6.553866e-08 -5.670492e-08 9.149873e-01
4.540156e+00 2.196286e+01 8.592326e+00 4.540156e+00 2.196286e+01 8.592326e+00 -2.356134e-07 -7.518994e-08 -3.948999e-08 1.821971e+00
3.149754e+00 2.239924e+01 7.774239e+00 3.149754e+00 2.239924e+01 7.774239e+00 -2.013398e-07 -6.749111e-08 -7.943142e-08 6.214694e-01
1.755349e+01 2.084675e+01 4.996601e+00 1.755349e+01 2.084675e+01 4.996601e+00 -8.980862e-08 -5.242544e-08 1.346253e-07 3.286534e-01
1.761969e+01 1.903122e+01 5.647672e+00 1.761969e+01 1.903122e+01 5.647672e+00 -1.229816e-07 -5.901590e-08 1.300818e-07 2.870183e-01
1.754546e+01 1.964791e+01 4.932720e+00 1.754546e+01 1.964791e+01 4.932720e+00 -9.026982e-08 -5.537582e-08 1.286238e-07 2.929293e-01
1.749926e+01 2.089629e+01 6.431189e+00 1.749926e+01 2.089629e+01 6.431189e+00 -1.536161e-07 -6.281954e-08 1.309048e-07 3.970835e-01
1.752367e+01 2.151640e+01 5.716293e+00 1.752367e+01 2.151640e+01 5.716293e+00 -1.207580e-07 -5.824904e-08 1.373616e-07 3.641897e-01
1.264545e+01 1.440351e+01 8.238679e+00 1.264545e+01 1.440351e+01 8.238679e+00 -1.894157e-07 -7.138738e-08 1.961199e-08 1.197326e+00
1.347124e+01 1.599205e+01 8.588077e+00 1.347124e+01 1.599205e+01 8.588077e+00 -2.218942e-07 -6.978972e-08 2.474098e-08 2.254397e+00
1.263069e+01 1.532937e+01 8.587464e+00 1.263069e+01 1.532937e+01 8.587464e+00 -2.122943e-07 -7.405758e-08 1.705915e-08 2.315248e+00
1.440275e+01 1.487608e+01 7.761891e+00 1.440275e+01 1.487608e+01 7.761891e+00 -1.855203e-07 -6.066231e-08 4.942098e-08 8.076180e-01
1.349936e+01 1.416431e+01 7.760977e+00 1.349936e+01 1.416431e+01 7.760977e+00 -1.763246e-07 -6.494080e-08 3.370952e-08 7.209957e-01
1.218332e+01 1.924800e+01 8.885471e+00 1.218332e+01 1.924800e+01 8.885471e+00 -2.558725e-07 -8.926333e-08 -3.011442e-09 9.363471e+00
1.371061e+01 1.978897e+01 8.877366e+00 1.371061e+01 1.978897e+01 8.877366e+00 -2.555496e-07 -8.643998e-08 8.954414e-09 4.774848e+00
1.281745e+01 2.001640e+01 8.892514e+00 1.281745e+01 2.001640e+01 8.892514e+00 -2.563387e-07 -9.046147e-08 -6.718883e-10 7.299419e+00
1.232235e+01 1.826195e+01 8.892528e+00 1.232235e+01 1.826195e+01 8.892528e+00 -2.512712e-07 -8.584414e-08 -7.102959e-10 7.911180e+00
1.592328e+01 1.509388e+01 4.981648e+00 1.592328e+01 1.509388e+01 4.981648e+00 -9.938190e-08 -6.605043e-08 8.408889e-08 4.753545e-01
1.554839e+01 1.453587e+01 5.700046e+00 1.554839e+01 1.453587e+01 5.700046e+00 -1.194936e-07 -6.152301e-08 7.808189e-08 5.228493e-01
1.654530e+01 1.611885e+01 4.923560e+00 1.654530e+01 1.611885e+01 4.923560e+00 -9.717387e-08 -6.506085e-08 9.693755e-08 4.777614e-01
1.510644e+01 2.314393e+01 8.243672e+00 1.510644e+01 2.314393e+01 8.243672e+00 -2.215026e-07 -1.013418e-07 6.906996e-08 9.771731e-01
1.596110e+01 2.290306e+01 7.769112e+00 1.596110e+01 2.290306e+01 7.769112e+00 -2.052300e-07 -8.988642e-08 9.296135e-08 7.113448e-01
1.461174e+01 2.235907e+01 8.589981e+00 1.461174e+01 2.235907e+01 8.589981e+00 -2.395975e-07 -9.819653e-08 4.613393e-08 1.706452e+00
7.131079e+00 2.069587e+01 2.483593e+00 7.131079e+00 2.069587e+01 2.483593e+00 1.046545e-08 -3.999023e-08 1.682713e-09 2.148220e+00
6.102714e+00 2.195170e+01 2.492039e+00 6.102714e+00 2.195170e+01 2.492039e+00 4.152890e-09 -4.750777e-08 -7.261852e-09 1.450010e+00
6.982844e+00 2.168098e+01 2.476555e+00 6.982844e+00 2.168098e+01 2.476555e+00 6.209844e-09 -4.404895e-08 -5.437683e-10 1.927874e+00
5.600663e+00 2.015342e+01 2.484662e+00 5.600663e+00 2.015342e+01 2.484662e+00 8.404579e-09 -4.226793e-08 -1.029094e-08 1.377579e+00
6.494808e+00 1.992679e+01 2.470334e+00 6.494808e+00 1.992679e+01 2.470334e+00 9.686264e-09 -3.815074e-08 -2.505382e-10 1.856571e+00
6.668338e+00 2.554124e+01 3.105283e+00 6.668338e+00 2.554124e+01 3.105283e+00 -5.831575e-08 -5.752474e-08 -1.805869e-08 5.301627e-01
4.907991e+00 2.506561e+01 3.596049e+00 4.907991e+00 2.506561e+01 3.596049e+00 -6.111221e-08 -6.735182e-08 -4.861666e-08 5.115336e-01
5.816404e+00 2.577926e+01 3.589692e+00 5.816404e+00 2.577926e+01 3.589692e+00 -7.116474e-08 -6.326213e-08 -3.236520e-08 4.951097e-01
6.676613e+00 2.461596e+01 2.758706e+00 6.676613e+00 2.461596e+01 2.758706e+00 -3.345139e-08 -5.465439e-08 -1.597116e-08 7.681103e-01
4.208494e+00 1.679784e+01 3.117896e+00 4.208494e+00 1.679784e+01 3.117896e+00 -2.425377e-08 -2.822586e-08 -7.063801e-08 4.868205e-01
4.703740e+00 1.758193e+01 2.772743e+00 4.703740e+00 1.758193e+01 2.772743e+00 -6.047674e-09 -3.090341e-08 -4.689497e-08 6.573615e-01
3.394652e+00 2.484682e+01 6.374255e+00 3.394652e+00 2.484682e+01 6.374255e+00 -1.473368e-07 -6.222547e-08 -8.299829e-08 7.298857e-01
3.770178e+00 2.540455e+01 5.655779e+00 3.770178e+00 2.540455e+01 5.655779e+00 -1.271889e-07 -6.636239e-08 -7.764084e-08 7.560791e-01
1.211320e+01 2.088547e+01 2.482509e+00 1.211320e+01 2.088547e+01 2.482509e+00 1.266321e-08 -3.014122e-08 -3.056125e-09 2.223729e+00
1.367004e+01 2.046668e+01 2.491479e+00 1.367004e+01 2.046668e+01 2.491479e+00 1.167535e-08 -3.398693e-08 1.049964e-08 1.425835e+00
1.279672e+01 2.017119e+01 2.476195e+00 1.279672e+01 2.017119e+01 2.476195e+00 1.156303e-08 -3.343595e-08 7.824961e-10 1.940719e+00
1.303770e+01 2.222366e+01 2.494778e+00 1.303770e+01 2.222366e+01 2.494778e+00 7.076229e-09 -2.657982e-08 7.899006e-09 1.515777e+00
1.218287e+01 2.187998e+01 2.470434e+00 1.218287e+01 2.187998e+01 2.470434e+00 8.570968e-09 -2.790628e-08 -1.325695e-09 2.013778e+00
1.219586e+01 2.575362e+01 3.100608e+00 1.219586e+01 2.575362e+01 3.100608e+00 -5.434751e-08 -2.810035e-08 4.498852e-08 4.047405e-01
1.225711e+01 2.483002e+01 2.753580e+00 1.225711e+01 2.483002e+01 2.753580e+00 -2.950367e-08 -2.450292e-08 3.268063e-08 6.878623e-01
1.398580e+01 2.541904e+01 3.592369e+00 1.398580e+01 2.541904e+01 3.592369e+00 -5.476962e-08 -3.099087e-08 7.578189e-08 3.159651e-01
1.302660e+01 2.605883e+01 3.585438e+00 1.302660e+01 2.605883e+01 3.585438e+00 -6.600633e-08 -3.278723e-08 6.431819e-08 3.201196e-01
1.533157e+01 1.723680e+01 3.112998e+00 1.533157e+01 1.723680e+01 3.112998e+00 -2.968666e-08 -6.282767e-08 5.692970e-08 2.309029e-01
1.477351e+01 1.797857e+01 2.769451e+00 1.477351e+01 1.797857e+01 2.769451e+00 -1.016640e-08 -5.293516e-08 3.925820e-08 4.462014e-01
1.551913e+01 2.532528e+01 6.369297e+00 1.551913e+01 2.532528e+01 6.369297e+00 -1.484884e-07 -7.827793e-08 1.151160e-07 2.876332e-01
1.509916e+01 2.585068e+01 5.650897e+00 1.509916e+01 2.585068e+01 5.650897e+00 -1.256212e-07 -6.558318e-08 1.135438e-07 2.775205e-01
9.765095e+00 1.734115e+01 8.885529e+00 9.765095e+00 1.734115e+01 8.885529e+00 -2.459145e-07 -9.506917e-08 9.256451e-10 1.052410e+01
6.957392e+00 1.250502e+01 4.984304e+00 6.957392e+00 1.250502e+01 4.984304e+00 -9.922723e-08 -5.421034e-08 -7.395357e-08 7.653810e-01
8.706935e+00 1.201368e+01 5.637545e+00 8.706935e+00 1.201368e+01 5.637545e+00 -1.195100e-07 -6.756408e-08 -4.658569e-08 7.455567e-01
8.125698e+00 1.223167e+01 4.922365e+00 8.125698e+00 1.223167e+01 4.922365e+00 -1.019958e-07 -5.572478e-08 -5.544365e-08 7.464477e-01
1.293570e+01 1.274102e+01 4.979053e+00 1.293570e+01 1.274102e+01 4.979053e+00 -1.036703e-07 -6.437590e-08 2.853908e-08 7.119803e-01
1.179350e+01 1.237663e+01 4.919240e+00 1.179350e+01 1.237663e+01 4.919240e+00 -1.047381e-07 -6.302950e-08 8.586022e-09 7.407461e-01
9.485161e+00 2.438405e+01 2.449821e+00 9.485161e+00 2.438405e+01 2.449821e+00 -1.506509e-08 -3.417889e-08 4.468276e-09 1.294502e+00
7.224742e+00 1.631969e+01 2.498911e+00 7.224742e+00 1.631969e+01 2.498911e+00 -2.087974e-09 -2.471799e-08 -1.037391e-08 1.058257e+00
8.726752e+00 1.697188e+01 2.470952e+00 8.726752e+00 1.697188e+01 2.470952e+00 1.610503e-09 -2.955667e-08 7.539680e-10 1.719231e+00
8.248875e+00 1.618584e+01 2.484843e+00 8.248875e+00 1.618584e+01 2.484843e+00 -4.315062e-09 -2.675125e-08 -4.282014e-09 1.214901e+00
1.237467e+01 1.653500e+01 2.495897e+00 1.237467e+01 1.653500e+01 2.495897e+00 -5.976316e-09 -4.669228e-08 6.460009e-09 1.015809e+00
1.135618e+01 1.631376e+01 2.482550e+00 1.135618e+01 1.631376e+01 2.482550e+00 -7.293999e-09 -4.250957e-08 1.079254e-09 1.201857e+00
6.939836e+00 2.341255e+01 8.862996e+00 6.939836e+00 2.341255e+01 8.862996e+00 -2.400970e-07 -8.163558e-08 -6.391939e-09 3.649573e+00
8.508445e+00 2.289212e+01 8.892371e+00 8.508445e+00 2.289212e+01 8.892371e+00 -2.466951e-07 -9.022100e-08 2.142008e-10 6.999925e+00
7.956381e+00 2.363010e+01 8.877217e+00 7.956381e+00 2.363010e+01 8.877217e+00 -2.397284e-07 -8.586913e-08 -1.457407e-09 4.410216e+00
1.210554e+01 2.361578e+01 8.863043e+00 1.210554e+01 2.361578e+01 8.863043e+00 -2.439794e-07 -1.045596e-07 9.519911e-09 3.530857e+00
1.107486e+01 2.375278e+01 8.877417e+00 1.107486e+01 2.375278e+01 8.877417e+00 -2.421923e-07 -1.018836e-07 3.321552e-09 4.287060e+00
6.392447e+00 2.720036e+01 6.368790e+00 6.392447e+00 2.720036e+01 6.368790e+00 -1.460156e-07 -6.448764e-08 -2.781675e-08 7.493762e-01
8.092473e+00 2.782410e+01 5.710094e+00 8.092473e+00 2.782410e+01 5.710094e+00 -1.296740e-07 -6.466452e-08 3.403820e-09 7.737437e-01
7.533133e+00 2.756235e+01 6.428648e+00 7.533133e+00 2.756235e+01 6.428648e+00 -1.441984e-07 -6.598810e-08 -7.913264e-09 7.491982e-01
1.234817e+01 2.743471e+01 6.366723e+00 1.234817e+01 2.743471e+01 6.366723e+00 -1.466939e-07 -7.837187e-08 7.307700e-08 7.072442e-01
1.118427e+01 2.770578e+01 6.427440e+00 1.118427e+01 2.770578e+01 6.427440e+00 -1.452359e-07 -7.686978e-08 5.501132e-08 7.667694e-01
1.099369e+01 1.382030e+01 3.110127e+00 1.099369e+01 1.382030e+01 3.110127e+00 -5.279924e-08 -5.144696e-08 -4.831008e-10 4.617969e-01
1.050907e+01 2.620627e+01 8.245806e+00 1.050907e+01 2.620627e+01 8.245806e+00 -1.991108e-07 -9.760000e-08 2.489852e-08 7.919301e-01
1.763273e+00 1.908250e+01 6.374869e+00 1.763273e+00 1.908250e+01 6.374869e+00 -1.545733e-07 -7.730793e-08 -1.336094e-07 7.035650e-01
2.555397e+00 1.909616e+01 7.676295e+00 2.555397e+00 1.909616e+01 7.676295e+00 -2.108503e-07 -8.991527e-08 -1.030303e-07 5.969237e-01
2.065331e+00 1.967384e+01 7.103408e+00 2.065331e+00 1.967384e+01 7.103408e+00 -1.858961e-07 -8.158172e-08 -1.189624e-07 5.983941e-01
2.434229e+00 1.729933e+01 7.015047e+00 2.434229e+00 1.729933e+01 7.015047e+00 -1.830379e-07 -8.752062e-08 -1.240943e-07 6.064972e-01
2.001438e+00 1.783082e+01 6.368972e+00 2.001438e+00 1.783082e+01 6.368972e+00 -1.560822e-07 -7.930601e-08 -1.351621e-07 6.872907e-01
5.297173e+00 1.540736e+01 8.243387e+00 5.297173e+00 1.540736e+01 8.243387e+00 -2.161836e-07 -1.052754e-07 -6.074466e-08 1.226963e+00
3.694037e+00 1.600946e+01 7.671614e+00 3.694037e+00 1.600946e+01 7.671614e+00 -2.044496e-07 -9.846493e-08 -9.736782e-08 6.469698e-01
4.456412e+00 1.523703e+01 7.739016e+00 4.456412e+00 1.523703e+01 7.739016e+00 -1.995022e-07 -9.960789e-08 -8.632291e-08 7.054874e-01
4.598346e+00 1.708860e+01 8.533557e+00 4.598346e+00 1.708860e+01 8.533557e+00 -2.398888e-07 -1.048825e-07 -5.237777e-08 1.744943e+00
5.346749e+00 1.637047e+01 8.578227e+00 5.346749e+00 1.637047e+01 8.578227e+00 -2.352415e-07 -1.064493e-07 -4.352970e-08 2.130020e+00
5.534566e+00 1.843767e+01 8.863915e+00 5.534566e+00 1.843767e+01 8.863915e+00 -2.549753e-07 -1.008884e-07 -1.379889e-08 4.578848e+00
5.432573e+00 1.739045e+01 8.777225e+00 5.432573e+00 1.739045e+01 8.777225e+00 -2.483278e-07 -1.048780e-07 -2.661026e-08 3.356389e+00
3.945639e+00 1.885919e+01 8.535192e+00 3.945639e+00 1.885919e+01 8.535192e+00 -2.448691e-07 -9.854273e-08 -5.483468e-08 1.621012e+00
4.776897e+00 1.916913e+01 8.778232e+00 4.776897e+00 1.916913e+01 8.778232e+00 -2.532544e-07 -9.716533e-08 -2.846693e-08 3.126525e+00
3.082765e+00 1.551118e+01 6.367723e+00 3.082765e+00 1.551118e+01 6.367723e+00 -1.505977e-07 -7.956847e-08 -1.253085e-07 6.955447e-01
2.450044e+00 1.661670e+01 6.366528e+00 2.450044e+00 1.661670e+01 6.366528e+00 -1.541826e-07 -7.899168e-08 -1.317936e-07 6.839488e-01
3.696578e+00 1.525435e+01 7.095449e+00 3.696578e+00 1.525435e+01 7.095449e+00 -1.768250e-07 -9.149543e-08 -1.095086e-07 6.162847e-01
3.385868e+00 2.059276e+01 8.248766e+00 3.385868e+00 2.059276e+01 8.248766e+00 -2.304849e-07 -8.501798e-08 -6.949069e-08 1.004085e+00
4.049241e+00 1.989076e+01 8.580985e+00 4.049241e+00 1.989076e+01 8.580985e+00 -2.455522e-07 -9.214992e-08 -4.829439e-08 1.844192e+00
2.634094e+00 2.017828e+01 7.746181e+00 2.634094e+00 2.017828e+01 7.746181e+00 -2.111140e-07 -8.469152e-08 -9.573627e-08 6.211302e-01
1.759967e+01 1.970018e+01 6.368219e+00 1.759967e+01 1.970018e+01 6.368219e+00 -1.532002e-07 -6.001842e-08 1.295436e-07 3.674745e-01
1.707210e+01 1.787014e+01 7.008463e+00 1.707210e+01 1.787014e+01 7.008463e+00 -1.807906e-07 -5.850139e-08 1.108262e-07 4.470613e-01
1.746020e+01 1.843414e+01 6.361760e+00 1.746020e+01 1.843414e+01 6.361760e+00 -1.539371e-07 -5.954047e-08 1.235863e-07 3.521241e-01
1.681289e+01 1.965219e+01 7.671077e+00 1.681289e+01 1.965219e+01 7.671077e+00 -2.086483e-07 -6.198584e-08 9.926701e-08 5.495014e-01
1.725459e+01 2.026671e+01 7.097177e+00 1.725459e+01 2.026671e+01 7.097177e+00 -1.844089e-07 -6.354964e-08 1.180173e-07 4.382587e-01
1.436858e+01 1.576156e+01 8.240321e+00 1.436858e+01 1.576156e+01 8.240321e+00 -2.101217e-07 -6.247088e-08 4.354384e-08 1.231943e+00
1.493486e+01 1.749207e+01 8.531087e+00 1.493486e+01 1.749207e+01 8.531087e+00 -2.347098e-07 -6.359037e-08 4.405115e-08 1.612971e+00
1.424484e+01 1.671809e+01 8.576217e+00 1.424484e+01 1.671809e+01 8.576217e+00 -2.296975e-07 -6.634278e-08 3.328911e-08 1.993379e+00
1.591830e+01 1.648583e+01 7.666218e+00 1.591830e+01 1.648583e+01 7.666218e+00 -1.988892e-07 -5.592549e-08 7.990592e-08 7.211292e-01
1.521877e+01 1.565685e+01 7.734126e+00 1.521877e+01 1.565685e+01 7.734126e+00 -1.936967e-07 -5.765714e-08 6.492996e-08 8.288871e-01
1.389720e+01 1.876548e+01 8.863321e+00 1.389720e+01 1.876548e+01 8.863321e+00 -2.529341e-07 -8.062383e-08 1.266609e-08 4.100370e+00
1.544760e+01 1.930868e+01 8.532510e+00 1.544760e+01 1.930868e+01 8.532510e+00 -2.414410e-07 -6.840122e-08 5.218183e-08 1.487430e+00
1.459531e+01 1.955388e+01 8.776824e+00 1.459531e+01 1.955388e+01 8.776824e+00 -2.516937e-07 -7.929899e-08 2.791137e-08 2.816458e+00
1.408037e+01 1.772890e+01 8.776079e+00 1.408037e+01 1.772890e+01 8.776079e+00 -2.446598e-07 -7.337206e-08 2.193924e-08 3.049583e+00
1.656332e+01 1.603807e+01 6.359860e+00 1.656332e+01 1.603807e+01 6.359860e+00 -1.484356e-07 -5.883565e-08 1.004836e-07 6.539032e-01
1.597333e+01 1.573351e+01 7.088796e+00 1.597333e+01 1.573351e+01 7.088796e+00 -1.731114e-07 -5.630936e-08 8.561930e-08 6.834513e-01
1.710779e+01 1.718918e+01 6.358914e+00 1.710779e+01 1.718918e+01 6.358914e+00 -1.529938e-07 -5.966210e-08 1.139611e-07 4.961466e-01
1.586948e+01 2.108169e+01 8.244730e+00 1.586948e+01 2.108169e+01 8.244730e+00 -2.314974e-07 -7.780660e-08 7.307601e-08 9.500548e-01
1.665001e+01 2.072606e+01 7.740862e+00 1.665001e+01 2.072606e+01 7.740862e+00 -2.107941e-07 -6.852156e-08 9.758516e-08 5.785683e-01
1.526395e+01 2.032991e+01 8.578360e+00 1.526395e+01 2.032991e+01 8.578360e+00 -2.447817e-07 -7.726256e-08 4.917371e-08 1.672088e+00
5.415517e+00 2.117484e+01 2.501232e+00 5.415517e+00 2.117484e+01 2.501232e+00 7.436698e-09 -4.725888e-08 -1.438827e-08 1.224167e+00
4.370379e+00 2.244540e+01 2.836697e+00 4.370379e+00 2.244540e+01 2.836697e+00 -1.062379e-08 -6.515668e-08 -4.494738e-08 6.379015e-01
5.225063e+00 2.221151e+01 2.591620e+00 5.225063e+00 2.221151e+01 2.591620e+00 -5.161427e-10 -5.443771e-08 -2.232277e-08 9.739767e-01
3.862823e+00 2.062694e+01 2.833273e+00 3.862823e+00 2.062694e+01 2.833273e+00 -4.399701e-09 -6.033642e-08 -5.372716e-08 6.113511e-01
4.715574e+00 2.038528e+01 2.586984e+00 4.715574e+00 2.038528e+01 2.586984e+00 5.050322e-09 -4.905835e-08 -2.903803e-08 9.195963e-01
4.934620e+00 2.417936e+01 3.122264e+00 4.934620e+00 2.417936e+01 3.122264e+00 -3.611261e-08 -6.585844e-08 -4.323812e-08 5.545300e-01
3.385816e+00 2.344727e+01 3.702171e+00 3.385816e+00 2.344727e+01 3.702171e+00 -4.687556e-08 -7.282201e-08 -8.022802e-08 5.457179e-01
4.086521e+00 2.428036e+01 3.630392e+00 4.086521e+00 2.428036e+01 3.630392e+00 -5.246088e-08 -7.072793e-08 -6.478524e-08 5.263451e-01
5.055554e+00 2.322314e+01 2.790360e+00 5.055554e+00 2.322314e+01 2.790360e+00 -1.583714e-08 -6.189417e-08 -3.327063e-08 7.170642e-01
3.443799e+00 1.885395e+01 3.120823e+00 3.443799e+00 1.885395e+01 3.120823e+00 -1.434755e-08 -5.157320e-08 -7.443926e-08 5.049093e-01
4.046697e+00 1.960769e+01 2.787074e+00 4.046697e+00 1.960769e+01 2.787074e+00 -1.278668e-09 -5.174556e-08 -5.051887e-08 6.549072e-01
2.498436e+00 2.027919e+01 3.698016e+00 2.498436e+00 2.027919e+01 3.698016e+00 -3.645846e-08 -6.680111e-08 -1.001344e-07 5.302029e-01
2.663119e+00 1.920622e+01 3.626990e+00 2.663119e+00 1.920622e+01 3.626990e+00 -3.416048e-08 -6.045874e-08 -9.864679e-08 5.057722e-01
2.746897e+00 2.389508e+01 5.005316e+00 2.746897e+00 2.389508e+01 5.005316e+00 -9.765155e-08 -6.971524e-08 -1.008066e-07 7.387053e-01
2.236796e+00 2.205927e+01 4.361635e+00 2.236796e+00 2.205927e+01 4.361635e+00 -6.507435e-08 -7.017645e-08 -1.114109e-07 6.672402e-01
2.201832e+00 2.274093e+01 5.010421e+00 2.201832e+00 2.274093e+01 5.010421e+00 -9.286806e-08 -6.909479e-08 -1.141673e-07 7.502821e-01
3.334680e+00 2.420141e+01 4.276527e+00 3.334680e+00 2.420141e+01 4.276527e+00 -7.355700e-08 -7.229680e-08 -8.543791e-08 6.241364e-01
1.378289e+01 2.150016e+01 2.511035e+00 1.378289e+01 2.150016e+01 2.511035e+00 1.111803e-08 -2.908088e-08 1.514244e-08 1.242265e+00
1.536887e+01 2.107585e+01 2.836749e+00 1.536887e+01 2.107585e+01 2.836749e+00 3.256947e-10 -3.057318e-08 5.669878e-08 3.919737e-01
1.453610e+01 2.076751e+01 2.593024e+00 1.453610e+01 2.076751e+01 2.593024e+00 8.541017e-09 -3.210581e-08 2.991851e-08 8.282211e-01
1.472474e+01 2.284947e+01 2.841112e+00 1.472474e+01 2.284947e+01 2.841112e+00 -4.164763e-09 -2.471766e-08 5.369011e-08 4.660671e-01
1.389137e+01 2.254961e+01 2.597158e+00 1.389137e+01 2.254961e+01 2.597158e+00 3.615947e-09 -2.461854e-08 2.670810e-08 9.075088e-01
1.402556e+01 2.453271e+01 3.119996e+00 1.402556e+01 2.453271e+01 3.119996e+00 -2.912851e-08 -2.576127e-08 6.226836e-08 3.829733e-01
1.397878e+01 2.356995e+01 2.791099e+00 1.397878e+01 2.356995e+01 2.791099e+00 -9.717543e-09 -2.368025e-08 4.421489e-08 5.888676e-01
1.562861e+01 2.392613e+01 3.700313e+00 1.562861e+01 2.392613e+01 3.700313e+00 -3.990902e-08 -3.174888e-08 9.903512e-08 2.350169e-01
1.486450e+01 2.470129e+01 3.627376e+00 1.486450e+01 2.470129e+01 3.627376e+00 -4.504734e-08 -3.110356e-08 8.751711e-08 3.020737e-01
1.592861e+01 1.934339e+01 3.118389e+00 1.592861e+01 1.934339e+01 3.118389e+00 -1.485057e-08 -4.422304e-08 7.085101e-08 2.428700e-01
1.676067e+01 2.083513e+01 3.694612e+00 1.676067e+01 2.083513e+01 3.694612e+00 -3.303389e-08 -3.937256e-08 1.048536e-07 2.224656e-01
1.668107e+01 1.975446e+01 3.622968e+00 1.668107e+01 1.975446e+01 3.622968e+00 -3.346863e-08 -4.441966e-08 9.690755e-08 2.185603e-01
1.526443e+01 2.004594e+01 2.787552e+00 1.526443e+01 2.004594e+01 2.787552e+00 1.742912e-10 -3.705884e-08 4.967374e-08 4.448215e-01
1.623464e+01 2.442539e+01 4.999996e+00 1.623464e+01 2.442539e+01 4.999996e+00 -9.379016e-08 -5.120242e-08 1.264440e-07 2.860939e-01
1.562219e+01 2.468328e+01 4.272293e+00 1.562219e+01 2.468328e+01 4.272293e+00 -6.755626e-08 -3.934304e-08 1.106696e-07 2.595566e-01
1.688580e+01 2.263078e+01 4.357377e+00 1.688580e+01 2.263078e+01 4.357377e+00 -6.096384e-08 -4.206839e-08 1.259661e-07 2.156969e-01
1.686912e+01 2.331523e+01 5.004108e+00 1.686912e+01 2.331523e+01 5.004108e+00 -8.994098e-08 -5.067911e-08 1.333741e-07 2.510496e-01
9.834559e+00 1.556201e+01 8.862222e+00 9.834559e+00 1.556201e+01 8.862222e+00 -2.285216e-07 -9.461729e-08 -1.939126e-09 4.976189e+00
1.082984e+01 1.425632e+01 8.527856e+00 1.082984e+01 1.425632e+01 8.527856e+00 -1.919996e-07 -8.582225e-08 -6.726642e-10 1.859508e+00
1.079956e+01 1.514208e+01 8.774458e+00 1.079956e+01 1.514208e+01 8.774458e+00 -2.172034e-07 -8.849992e-08 1.909024e-09 3.533281e+00
8.943765e+00 1.418232e+01 8.528339e+00 8.943765e+00 1.418232e+01 8.528339e+00 -1.929026e-07 -9.641842e-08 -1.771866e-08 1.900709e+00
8.905101e+00 1.506779e+01 8.774772e+00 8.905101e+00 1.506779e+01 8.774772e+00 -2.184184e-07 -9.863332e-08 -1.072407e-08 3.608675e+00
8.059622e+00 1.218815e+01 6.357165e+00 8.059622e+00 1.218815e+01 6.357165e+00 -1.327053e-07 -7.716875e-08 -5.372515e-08 6.812745e-01
8.289651e+00 1.293780e+01 7.662744e+00 8.289651e+00 1.293780e+01 7.662744e+00 -1.607817e-07 -9.198726e-08 -3.814347e-08 6.298437e-01
7.588983e+00 1.265390e+01 7.087289e+00 7.588983e+00 1.265390e+01 7.087289e+00 -1.487464e-07 -8.775114e-08 -5.458638e-08 5.906032e-01
9.962761e+00 1.227079e+01 7.000011e+00 9.962761e+00 1.227079e+01 7.000011e+00 -1.473503e-07 -7.941080e-08 -2.266848e-08 5.594049e-01
9.324051e+00 1.202723e+01 6.352223e+00 9.324051e+00 1.202723e+01 6.352223e+00 -1.348873e-07 -7.535940e-08 -3.475705e-08 6.599293e-01
1.186530e+01 1.233801e+01 6.354675e+00 1.186530e+01 1.233801e+01 6.354675e+00 -1.331427e-07 -6.759201e-08 6.302669e-09 6.469350e-01
1.061780e+01 1.207821e+01 6.351377e+00 1.061780e+01 1.207821e+01 6.351377e+00 -1.352915e-07 -7.203355e-08 -1.418184e-08 6.554374e-01
1.157869e+01 1.306701e+01 7.661337e+00 1.157869e+01 1.306701e+01 7.661337e+00 -1.600685e-07 -7.606180e-08 2.312296e-09 5.751560e-01
1.229853e+01 1.283894e+01 7.084757e+00 1.229853e+01 1.283894e+01 7.084757e+00 -1.484020e-07 -6.906966e-08 1.326267e-08 5.257836e-01
9.538361e+00 2.260658e+01 2.436099e+00 9.538361e+00 2.260658e+01 2.436099e+00 6.938021e-10 -3.326351e-08 -5.349520e-10 2.204286e+00
8.741063e+00 2.113581e+01 2.501874e+00 8.741063e+00 2.113581e+01 2.501874e+00 9.931884e-09 -3.471217e-08 1.618491e-09 2.548370e+00
8.667418e+00 2.205040e+01 2.466793e+00 8.667418e+00 2.205040e+01 2.466793e+00 4.185765e-09 -3.552303e-08 7.657065e-10 2.314041e+00
1.046694e+01 2.120385e+01 2.491618e+00 1.046694e+01 2.120385e+01 2.491618e+00 1.069685e-08 -3.180717e-08 -3.133511e-09 2.569277e+00
1.045858e+01 2.212007e+01 2.455589e+00 1.045858e+01 2.212007e+01 2.455589e+00 4.818587e-09 -3.147446e-08 -2.447591e-09 2.343094e+00
8.201823e+00 1.780926e+01 2.480431e+00 8.201823e+00 1.780926e+01 2.480431e+00 6.226863e-09 -2.872446e-08 2.092245e-09 2.020805e+00
9.705882e+00 1.852847e+01 2.513693e+00 9.705882e+00 1.852847e+01 2.513693e+00 9.044808e-09 -3.249252e-08 5.452946e-10 2.450680e+00
9.220305e+00 1.775067e+01 2.491398e+00 9.220305e+00 1.775067e+01 2.491398e+00 5.738308e-09 -3.114158e-08 1.338332e-09 2.154805e+00
8.280548e+00 1.948199e+01 2.513947e+00 8.280548e+00 1.948199e+01 2.513947e+00 1.121511e-08 -3.269464e-08 3.199799e-09 2.489552e+00
7.743226e+00 1.873635e+01 2.491440e+00 7.743226e+00 1.873635e+01 2.491440e+00 9.891114e-09 -3.157346e-08 3.152002e-09 2.195441e+00
1.127406e+01 1.793466e+01 2.479281e+00 1.127406e+01 1.793466e+01 2.479281e+00 4.947364e-09 -3.874762e-08 -1.764964e-09 2.049133e+00
1.105522e+01 1.958896e+01 2.512267e+00 1.105522e+01 1.958896e+01 2.512267e+00 1.206966e-08 -3.407206e-08 -3.227962e-09 2.516715e+00
1.164320e+01 1.888298e+01 2.489276e+00 1.164320e+01 1.888298e+01 2.489276e+00 8.534190e-09 -3.724978e-08 -2.727233e-09 2.234934e+00
1.025429e+01 1.779079e+01 2.490973e+00 1.025429e+01 1.779079e+01 2.490973e+00 4.942316e-09 -3.493441e-08 -6.341562e-10 2.164292e+00
8.041380e+00 2.201334e+01 8.885166e+00 8.041380e+00 2.201334e+01 8.885166e+00 -2.514999e-07 -9.037699e-08 1.291402e-09 8.959719e+00
9.605370e+00 2.141701e+01 8.854035e+00 9.605370e+00 2.141701e+01 8.854035e+00 -2.551942e-07 -9.510849e-08 -7.442716e-10 1.237201e+01
9.058051e+00 2.215400e+01 8.874968e+00 9.058051e+00 2.215400e+01 8.874968e+00 -2.517010e-07 -9.318123e-08 5.073978e-11 9.821333e+00
8.255897e+00 2.035440e+01 8.853990e+00 8.255897e+00 2.035440e+01 8.853990e+00 -2.568788e-07 -9.478702e-08 2.903015e-09 1.303892e+01
7.666580e+00 2.105861e+01 8.874886e+00 7.666580e+00 2.105861e+01 8.874886e+00 -2.545318e-07 -9.222976e-08 2.560859e-09 1.035939e+01
1.111770e+01 2.213426e+01 8.885292e+00 1.111770e+01 2.213426e+01 8.885292e+00 -2.529318e-07 -9.873304e-08 -2.814474e-09 8.659597e+00
1.103422e+01 2.046356e+01 8.854133e+00 1.103422e+01 2.046356e+01 8.854133e+00 -2.572309e-07 -9.491595e-08 -3.337043e-09 1.259631e+01
1.156648e+01 2.121188e+01 8.875025e+00 1.156648e+01 2.121188e+01 8.875025e+00 -2.556533e-07 -9.633496e-08 -3.490542e-09 9.839012e+00
1.009301e+01 2.219468e+01 8.875023e+00 1.009301e+01 2.219468e+01 8.875023e+00 -2.521866e-07 -9.645938e-08 -1.841812e-09 9.703917e+00
7.461028e+00 2.760083e+01 4.989651e+00 7.461028e+00 2.760083e+01 4.989651e+00 -1.164134e-07 -6.175420e-08 -5.575886e-09 6.983596e-01
7.741136e+00 2.687418e+01 3.677491e+00 7.741136e+00 2.687418e+01 3.677491e+00 -8.928870e-08 -5.388437e-08 -8.043986e-10 4.561294e-01
7.024779e+00 2.710204e+01 4.259641e+00 7.024779e+00 2.710204e+01 4.259641e+00 -1.016107e-07 -6.056555e-08 -1.211196e-08 5.641095e-01
9.357022e+00 2.766563e+01 4.338689e+00 9.357022e+00 2.766563e+01 4.338689e+00 -1.015788e-07 -5.200419e-08 2.361461e-08 5.503646e-01
8.704854e+00 2.785834e+01 4.991239e+00 8.704854e+00 2.785834e+01 4.991239e+00 -1.151587e-07 -5.992439e-08 1.442372e-08 6.943228e-01
1.125170e+01 2.774816e+01 4.986783e+00 1.125170e+01 2.774816e+01 4.986783e+00 -1.148539e-07 -5.633815e-08 5.425335e-08 6.462335e-01
9.993266e+00 2.790825e+01 4.990022e+00 9.993266e+00 2.790825e+01 4.990022e+00 -1.146970e-07 -5.902270e-08 3.558775e-08 6.818923e-01
1.102664e+01 2.699994e+01 3.673777e+00 1.102664e+01 2.699994e+01 3.673777e+00 -8.720201e-08 -4.071193e-08 4.053130e-08 3.717030e-01
1.172334e+01 2.728380e+01 4.255669e+00 1.172334e+01 2.728380e+01 4.255669e+00 -9.821541e-08 -4.504756e-08 5.589801e-08 4.572768e-01
8.805277e+00 1.373274e+01 3.112553e+00 8.805277e+00 1.373274e+01 3.112553e+00 -4.816631e-08 -3.279429e-08 -2.657172e-08 4.658126e-01
7.251559e+00 1.468322e+01 2.826957e+00 7.251559e+00 1.468322e+01 2.826957e+00 -3.024881e-08 -1.950854e-08 -3.382627e-08 5.288923e-01
8.278807e+00 1.454219e+01 2.781416e+00 8.278807e+00 1.454219e+01 2.781416e+00 -3.027743e-08 -2.589461e-08 -2.222609e-08 5.545093e-01
7.157174e+00 1.327414e+01 3.684345e+00 7.157174e+00 1.327414e+01 3.684345e+00 -6.386553e-08 -2.984583e-08 -5.971232e-08 5.569333e-01
8.227259e+00 1.309796e+01 3.614776e+00 8.227259e+00 1.309796e+01 3.614776e+00 -6.555050e-08 -3.528092e-08 -4.325693e-08 5.339450e-01
8.325725e+00 2.612012e+01 8.245618e+00 8.325725e+00 2.612012e+01 8.245618e+00 -1.953313e-07 -7.793233e-08 -3.447476e-10 8.005406e-01
6.851787e+00 2.505394e+01 8.532411e+00 6.851787e+00 2.505394e+01 8.532411e+00 -2.090560e-07 -6.780144e-08 -1.560024e-08 1.189593e+00
7.863420e+00 2.527254e+01 8.578780e+00 7.863420e+00 2.527254e+01 8.578780e+00 -2.113577e-07 -7.681575e-08 -5.013564e-09 1.401943e+00
6.650992e+00 2.645020e+01 7.671392e+00 6.650992e+00 2.645020e+01 7.671392e+00 -1.764136e-07 -6.249721e-08 -2.452501e-08 5.747780e-01
7.702389e+00 2.670802e+01 7.740844e+00 7.702389e+00 2.670802e+01 7.740844e+00 -1.769167e-07 -6.991483e-08 -8.018618e-09 5.928777e-01
2.467428e+00 2.132103e+01 3.825713e+00 2.467428e+00 2.132103e+01 3.825713e+00 -4.249690e-08 -7.020584e-08 -1.013568e-07 5.733805e-01
1.851198e+00 2.149533e+01 5.009195e+00 1.851198e+00 2.149533e+01 5.009195e+00 -9.104407e-08 -6.924910e-08 -1.245457e-07 7.523920e-01
2.058850e+00 1.966344e+01 4.272690e+00 2.058850e+00 1.966344e+01 4.272690e+00 -6.065870e-08 -6.585407e-08 -1.194675e-07 6.206267e-01
2.835882e+00 2.129085e+01 7.775021e+00 2.835882e+00 2.129085e+01 7.775021e+00 -2.075621e-07 -7.585845e-08 -8.778492e-08 6.337092e-01
1.952572e+00 2.149573e+01 6.470338e+00 1.952572e+00 2.149573e+01 6.470338e+00 -1.530906e-07 -7.030232e-08 -1.195486e-07 6.936262e-01
2.455056e+00 2.199701e+01 7.172511e+00 2.455056e+00 2.199701e+01 7.172511e+00 -1.798012e-07 -6.918867e-08 -1.013526e-07 5.995254e-01
2.381239e+00 2.333270e+01 5.724132e+00 2.381239e+00 2.333270e+01 5.724132e+00 -1.218194e-07 -6.674169e-08 -1.081311e-07 7.681704e-01
2.289478e+00 2.268713e+01 6.470235e+00 2.289478e+00 2.268713e+01 6.470235e+00 -1.501900e-07 -6.612320e-08 -1.084042e-07 6.994008e-01
2.670104e+00 1.604255e+01 5.649844e+00 2.670104e+00 1.604255e+01 5.649844e+00 -1.233399e-07 -6.820889e-08 -1.314587e-07 7.294556e-01
2.094659e+00 1.783803e+01 4.906157e+00 2.094659e+00 1.783803e+01 4.906157e+00 -9.193807e-08 -6.282278e-08 -1.312153e-07 6.859219e-01
2.524022e+00 1.667873e+01 4.903666e+00 2.524022e+00 1.667873e+01 4.903666e+00 -9.309120e-08 -5.807227e-08 -1.276131e-07 6.825651e-01
2.953004e+00 1.811383e+01 3.596182e+00 2.953004e+00 1.811383e+01 3.596182e+00 -3.601254e-08 -4.988117e-08 -9.693784e-08 4.881065e-01
2.631653e+00 1.737957e+01 4.200207e+00 2.631653e+00 1.737957e+01 4.200207e+00 -6.295462e-08 -5.181472e-08 -1.155524e-07 5.735952e-01
9.021262e+00 1.336632e+01 8.107974e+00 9.021262e+00 1.336632e+01 8.107974e+00 -1.693314e-07 -9.295766e-08 -2.358515e-08 9.308171e-01
7.284103e+00 1.334681e+01 7.733612e+00 7.284103e+00 1.334681e+01 7.733612e+00 -1.681533e-07 -9.682060e-08 -5.036725e-08 6.971849e-01
7.994239e+00 1.459956e+01 8.575251e+00 7.994239e+00 1.459956e+01 8.575251e+00 -2.042988e-07 -1.021568e-07 -2.456252e-08 2.249171e+00
3.867274e+00 1.460377e+01 6.426376e+00 3.867274e+00 1.460377e+01 6.426376e+00 -1.468336e-07 -8.062319e-08 -1.146946e-07 6.868047e-01
5.499976e+00 1.374077e+01 7.159258e+00 5.499976e+00 1.374077e+01 7.159258e+00 -1.630314e-07 -9.172053e-08 -8.336900e-08 6.197379e-01
4.794301e+00 1.380008e+01 6.454971e+00 4.794301e+00 1.380008e+01 6.454971e+00 -1.422894e-07 -8.061930e-08 -1.015026e-07 6.838865e-01
6.920270e+00 1.256512e+01 6.419847e+00 6.920270e+00 1.256512e+01 6.419847e+00 -1.338076e-07 -7.859583e-08 -6.998989e-08 6.797095e-01
5.822411e+00 1.311353e+01 6.452760e+00 5.822411e+00 1.311353e+01 6.452760e+00 -1.375371e-07 -8.038827e-08 -8.631834e-08 6.815736e-01
6.287103e+00 1.771908e+01 8.877402e+00 6.287103e+00 1.771908e+01 8.877402e+00 -2.515237e-07 -1.033133e-07 -7.683803e-09 5.698283e+00
7.068816e+00 1.607961e+01 8.788861e+00 7.068816e+00 1.607961e+01 8.788861e+00 -2.345446e-07 -1.058806e-07 -1.739874e-08 4.205784e+00
7.100853e+00 1.706637e+01 8.873910e+00 7.100853e+00 1.706637e+01 8.873910e+00 -2.458635e-07 -1.036414e-07 -5.582230e-09 6.377755e+00
8.883038e+00 1.598280e+01 8.876735e+00 8.883038e+00 1.598280e+01 8.876735e+00 -2.340019e-07 -9.873444e-08 -3.884950e-09 5.989140e+00
7.969050e+00 1.648565e+01 8.873741e+00 7.969050e+00 1.648565e+01 8.873741e+00 -2.399050e-07 -1.020586e-07 -4.797725e-09 6.484865e+00
8.857055e+00 1.966057e+01 8.842548e+00 8.857055e+00 1.966057e+01 8.842548e+00 -2.580672e-07 -9.630132e-08 2.191942e-09 1.468204e+01
7.998580e+00 1.840049e+01 8.875075e+00 7.998580e+00 1.840049e+01 8.875075e+00 -2.539881e-07 -9.856243e-08 3.382458e-09 1.141570e+01
8.850553e+00 1.874273e+01 8.854172e+00 8.850553e+00 1.874273e+01 8.854172e+00 -2.548049e-07 -9.675403e-08 2.520193e-09 1.380373e+01
7.385435e+00 2.006265e+01 8.874938e+00 7.385435e+00 2.006265e+01 8.874938e+00 -2.565633e-07 -9.497076e-08 3.578448e-09 1.076404e+01
8.870064e+00 1.690439e+01 8.892480e+00 8.870064e+00 1.690439e+01 8.892480e+00 -2.433109e-07 -9.796998e-08 2.949651e-10 8.781189e+00
8.859595e+00 1.782469e+01 8.875190e+00 8.859595e+00 1.782469e+01 8.875190e+00 -2.498770e-07 -9.728002e-08 2.102869e-09 1.158714e+01
4.248778e+00 2.093278e+01 8.593055e+00 4.248778e+00 2.093278e+01 8.593055e+00 -2.421672e-07 -8.382502e-08 -4.356851e-08 1.922254e+00
5.836229e+00 2.049645e+01 8.874357e+00 5.836229e+00 2.049645e+01 8.874357e+00 -2.544594e-07 -9.063654e-08 -7.028698e-09 5.610146e+00
5.171492e+00 2.122738e+01 8.790439e+00 5.171492e+00 2.122738e+01 8.790439e+00 -2.486269e-07 -8.419649e-08 -2.173834e-08 3.424767e+00
7.077158e+00 2.176572e+01 8.892255e+00 7.077158e+00 2.176572e+01 8.892255e+00 -2.512438e-07 -8.866865e-08 3.472417e-11 7.392121e+00
6.119986e+00 2.150096e+01 8.874089e+00 6.119986e+00 2.150096e+01 8.874089e+00 -2.508194e-07 -8.636801e-08 -6.645477e-09 5.369422e+00
5.075490e+00 1.428781e+01 3.812553e+00 5.075490e+00 1.428781e+01 3.812553e+00 -6.010138e-08 -2.828146e-08 -8.576072e-08 5.876706e-01
3.685771e+00 1.527527e+01 4.263423e+00 3.685771e+00 1.527527e+01 4.263423e+00 -7.057909e-08 -3.979404e-08 -1.081875e-07 6.215097e-01
4.420816e+00 1.509924e+01 3.688109e+00 4.420816e+00 1.509924e+01 3.688109e+00 -5.315070e-08 -2.713270e-08 -8.862530e-08 5.321788e-01
4.719774e+00 1.374570e+01 4.991619e+00 4.719774e+00 1.374570e+01 4.991619e+00 -9.453201e-08 -5.249677e-08 -1.054239e-07 7.602697e-01
5.381070e+00 1.357347e+01 4.343695e+00 5.381070e+00 1.357347e+01 4.343695e+00 -7.592237e-08 -3.915452e-08 -9.139956e-08 6.916880e-01
3.353539e+00 1.703547e+01 3.594266e+00 3.353539e+00 1.703547e+01 3.594266e+00 -4.013077e-08 -3.984641e-08 -9.416439e-08 4.846703e-01
3.846392e+00 1.601941e+01 3.621155e+00 3.846392e+00 1.601941e+01 3.621155e+00 -4.674870e-08 -3.050852e-08 -9.165961e-08 4.991621e-01
6.312574e+00 1.268847e+01 5.703831e+00 6.312574e+00 1.268847e+01 5.703831e+00 -1.157404e-07 -6.680727e-08 -8.287930e-08 7.668064e-01
5.795884e+00 1.302768e+01 4.989644e+00 5.795884e+00 1.302768e+01 4.989644e+00 -9.550395e-08 -5.391694e-08 -9.115046e-08 7.708197e-01
4.899917e+00 2.456323e+01 8.115760e+00 4.899917e+00 2.456323e+01 8.115760e+00 -1.952851e-07 -5.572319e-08 -4.406378e-08 6.771077e-01
4.916302e+00 2.295522e+01 8.579056e+00 4.916302e+00 2.295522e+01 8.579056e+00 -2.266392e-07 -6.824991e-08 -3.533005e-08 1.572839e+00
5.369036e+00 2.388848e+01 8.532678e+00 5.369036e+00 2.388848e+01 8.532678e+00 -2.158003e-07 -6.380971e-08 -3.111922e-08 1.255127e+00
3.561920e+00 2.345378e+01 7.744117e+00 3.561920e+00 2.345378e+01 7.744117e+00 -1.929613e-07 -5.950435e-08 -7.062997e-08 5.946491e-01
4.063242e+00 2.441778e+01 7.673631e+00 4.063242e+00 2.441778e+01 7.673631e+00 -1.856147e-07 -5.679243e-08 -6.181375e-08 5.721626e-01
6.489121e+00 2.247575e+01 8.877081e+00 6.489121e+00 2.247575e+01 8.877081e+00 -2.459611e-07 -8.341808e-08 -6.528269e-09 4.667203e+00
5.912719e+00 2.318726e+01 8.776590e+00 5.912719e+00 2.318726e+01 8.776590e+00 -2.353533e-07 -7.537640e-08 -1.798627e-08 2.565029e+00
2.770295e+00 2.381901e+01 6.437598e+00 2.770295e+00 2.381901e+01 6.437598e+00 -1.487557e-07 -6.326979e-08 -9.629843e-08 7.093317e-01
3.342214e+00 2.418263e+01 7.101634e+00 3.342214e+00 2.418263e+01 7.101634e+00 -1.700911e-07 -5.919784e-08 -8.028316e-08 6.188210e-01
1.671196e+01 2.187529e+01 3.823768e+00 1.671196e+01 2.187529e+01 3.823768e+00 -3.744627e-08 -3.680444e-08 1.116661e-07 1.963655e-01
1.725064e+01 2.025665e+01 4.267224e+00 1.725064e+01 2.025665e+01 4.267224e+00 -5.902967e-08 -4.817963e-08 1.203054e-07 2.753683e-01
1.731707e+01 2.209868e+01 5.002778e+00 1.731707e+01 2.209868e+01 5.002778e+00 -8.865829e-08 -5.072977e-08 1.361705e-07 2.656675e-01
1.693127e+01 1.660085e+01 5.641613e+00 1.693127e+01 1.660085e+01 5.641613e+00 -1.238221e-07 -6.178125e-08 1.088714e-07 5.702031e-01
1.736164e+01 1.843561e+01 4.898878e+00 1.736164e+01 1.843561e+01 4.898878e+00 -9.236453e-08 -5.873744e-08 1.200621e-07 2.588623e-01
1.702482e+01 1.724724e+01 4.895799e+00 1.702482e+01 1.724724e+01 4.895799e+00 -9.527532e-08 -6.259942e-08 1.096015e-07 3.655258e-01
1.647898e+01 1.864467e+01 3.591221e+00 1.647898e+01 1.864467e+01 3.591221e+00 -3.767330e-08 -5.303974e-08 8.841165e-08 2.040709e-01
1.685998e+01 1.793800e+01 4.193486e+00 1.685998e+01 1.793800e+01 4.193486e+00 -6.531862e-08 -5.973757e-08 1.025104e-07 2.299323e-01
1.636142e+01 2.182123e+01 7.769656e+00 1.636142e+01 2.182123e+01 7.769656e+00 -2.090918e-07 -7.952099e-08 9.549839e-08 6.484548e-01
1.722150e+01 2.209350e+01 6.463093e+00 1.722150e+01 2.209350e+01 6.463093e+00 -1.530200e-07 -6.696088e-08 1.301463e-07 4.353644e-01
1.668348e+01 2.255540e+01 7.165982e+00 1.668348e+01 2.255540e+01 7.165982e+00 -1.817042e-07 -7.773871e-08 1.143842e-07 5.587653e-01
1.664639e+01 2.389294e+01 5.717175e+00 1.664639e+01 2.389294e+01 5.717175e+00 -1.210198e-07 -6.201503e-08 1.314895e-07 3.629657e-01
1.679167e+01 2.325643e+01 6.462977e+00 1.679167e+01 2.325643e+01 6.462977e+00 -1.513871e-07 -7.173450e-08 1.271678e-07 4.166213e-01
1.081620e+01 1.343682e+01 8.107364e+00 1.081620e+01 1.343682e+01 8.107364e+00 -1.687876e-07 -8.339372e-08 -5.151053e-09 8.969086e-01
1.174389e+01 1.474654e+01 8.574347e+00 1.174389e+01 1.474654e+01 8.574347e+00 -2.021342e-07 -7.969944e-08 8.838056e-09 2.166804e+00
1.254884e+01 1.355334e+01 7.731298e+00 1.254884e+01 1.355334e+01 7.731298e+00 -1.664590e-07 -6.971578e-08 1.788708e-08 6.347637e-01
1.320304e+01 1.799013e+01 8.877111e+00 1.320304e+01 1.799013e+01 8.877111e+00 -2.490406e-07 -8.042943e-08 6.326101e-09 5.190806e+00
1.255127e+01 1.629435e+01 8.788175e+00 1.255127e+01 1.629435e+01 8.788175e+00 -2.310074e-07 -7.791877e-08 1.114651e-08 3.957913e+00
1.244262e+01 1.727575e+01 8.873711e+00 1.244262e+01 1.727575e+01 8.873711e+00 -2.433960e-07 -8.198645e-08 4.158168e-09 5.952549e+00
1.075034e+01 1.605603e+01 8.876605e+00 1.075034e+01 1.605603e+01 8.876605e+00 -2.327573e-07 -9.006904e-08 1.928573e-09 5.856401e+00
1.162232e+01 1.662888e+01 8.873568e+00 1.162232e+01 1.662888e+01 8.873568e+00 -2.376910e-07 -8.546881e-08 3.325289e-09 6.198722e+00
1.585250e+01 1.507264e+01 6.418711e+00 1.585250e+01 1.507264e+01 6.418711e+00 -1.452468e-07 -5.833374e-08 8.473652e-08 6.106760e-01
1.429477e+01 1.408506e+01 7.154227e+00 1.429477e+01 1.408506e+01 7.154227e+00 -1.604733e-07 -6.069089e-08 5.016672e-08 6.020424e-01
1.499172e+01 1.419950e+01 6.448144e+00 1.499172e+01 1.419950e+01 6.448144e+00 -1.411873e-07 -5.957350e-08 6.617040e-08 6.397066e-01
1.297070e+01 1.280295e+01 6.415895e+00 1.297070e+01 1.280295e+01 6.415895e+00 -1.342479e-07 -6.451857e-08 2.573739e-08 5.971578e-01
1.402127e+01 1.343519e+01 6.447298e+00 1.402127e+01 1.343519e+01 6.447298e+00 -1.367352e-07 -6.154337e-08 4.585833e-08 5.658319e-01
1.048932e+01 1.972468e+01 8.842645e+00 1.048932e+01 1.972468e+01 8.842645e+00 -2.578770e-07 -9.422869e-08 -1.898408e-09 1.440692e+01
1.192494e+01 2.024098e+01 8.875106e+00 1.192494e+01 2.024098e+01 8.875106e+00 -2.567810e-07 -9.301726e-08 -3.625866e-09 1.009875e+01
1.144365e+01 1.853572e+01 8.875225e+00 1.144365e+01 1.853572e+01 8.875225e+00 -2.530144e-07 -9.015162e-08 -2.254984e-09 1.089116e+01
1.056752e+01 1.881015e+01 8.854269e+00 1.056752e+01 1.881015e+01 8.854269e+00 -2.545103e-07 -9.334840e-08 -1.338690e-09 1.351646e+01
1.498337e+01 2.135410e+01 8.590483e+00 1.498337e+01 2.135410e+01 8.590483e+00 -2.443035e-07 -8.781699e-08 4.745763e-08 1.755716e+00
1.343549e+01 2.079495e+01 8.873949e+00 1.343549e+01 2.079495e+01 8.873949e+00 -2.554664e-07 -9.230978e-08 7.716033e-09 5.048024e+00
1.404071e+01 2.157593e+01 8.789184e+00 1.404071e+01 2.157593e+01 8.789184e+00 -2.510956e-07 -9.487716e-08 2.439386e-08 3.082735e+00
1.209855e+01 2.196312e+01 8.892303e+00 1.209855e+01 2.196312e+01 8.892303e+00 -2.534603e-07 -9.853496e-08 -7.334778e-10 6.926248e+00
1.307368e+01 2.177434e+01 8.873740e+00 1.307368e+01 2.177434e+01 8.873740e+00 -2.532710e-07 -9.764501e-08 7.420495e-09 4.891194e+00
1.069146e+01 1.697586e+01 8.892482e+00 1.069146e+01 1.697586e+01 8.892482e+00 -2.424538e-07 -9.131699e-08 7.411625e-10 8.579272e+00
1.063014e+01 1.789419e+01 8.875260e+00 1.063014e+01 1.789419e+01 8.875260e+00 -2.493653e-07 -9.240700e-08 -4.570359e-10 1.132639e+01
1.466705e+01 1.466663e+01 3.805204e+00 1.466705e+01 1.466663e+01 3.805204e+00 -6.826511e-08 -7.112668e-08 5.412898e-08 5.437088e-01
1.506672e+01 1.415256e+01 4.983719e+00 1.506672e+01 1.415256e+01 4.983719e+00 -9.867466e-08 -6.499733e-08 6.743157e-08 5.173181e-01
1.441987e+01 1.392997e+01 4.336224e+00 1.441987e+01 1.392997e+01 4.336224e+00 -8.261390e-08 -6.761165e-08 5.383187e-08 6.071343e-01
1.597560e+01 1.575915e+01 4.255536e+00 1.597560e+01 1.575915e+01 4.255536e+00 -7.620705e-08 -6.919862e-08 8.113592e-08 3.542339e-01
1.525566e+01 1.552668e+01 3.681190e+00 1.525566e+01 1.552668e+01 3.681190e+00 -6.083162e-08 -7.137821e-08 6.219893e-08 3.380170e-01
1.356491e+01 1.297376e+01 5.698338e+00 1.356491e+01 1.297376e+01 5.698338e+00 -1.181725e-07 -6.324281e-08 3.823592e-08 6.540329e-01
1.405112e+01 1.335280e+01 4.982803e+00 1.405112e+01 1.335280e+01 4.982803e+00 -9.974334e-08 -6.429853e-08 4.834722e-08 6.799634e-01
1.616582e+01 1.753988e+01 3.588354e+00 1.616582e+01 1.753988e+01 3.588354e+00 -4.417384e-08 -6.113859e-08 7.994135e-08 1.971888e-01
1.575536e+01 1.648901e+01 3.614522e+00 1.575536e+01 1.648901e+01 3.614522e+00 -5.275198e-08 -6.874886e-08 7.108376e-08 2.138747e-01
1.404575e+01 2.492485e+01 8.113872e+00 1.404575e+01 2.492485e+01 8.113872e+00 -2.033472e-07 -1.127069e-07 6.541103e-08 7.126114e-01
1.546668e+01 2.392332e+01 7.739631e+00 1.546668e+01 2.392332e+01 7.739631e+00 -1.982738e-07 -9.938055e-08 9.018759e-08 5.398777e-01
1.489038e+01 2.484560e+01 7.670160e+00 1.489038e+01 2.484560e+01 7.670160e+00 -1.917222e-07 -1.033365e-07 8.701540e-08 4.924122e-01
1.415829e+01 2.331945e+01 8.577175e+00 1.415829e+01 2.331945e+01 8.577175e+00 -2.323399e-07 -1.065088e-07 4.501490e-08 1.529813e+00
1.363295e+01 2.421453e+01 8.531449e+00 1.363295e+01 2.421453e+01 8.531449e+00 -2.231368e-07 -1.113403e-07 4.458362e-08 1.242842e+00
1.622290e+01 2.434860e+01 6.431257e+00 1.622290e+01 2.434860e+01 6.431257e+00 -1.500547e-07 -7.597572e-08 1.221526e-07 3.722161e-01
1.562621e+01 2.466730e+01 7.096524e+00 1.562621e+01 2.466730e+01 7.096524e+00 -1.739318e-07 -9.089241e-08 1.070199e-07 3.415915e-01
1.262888e+01 2.271726e+01 8.876886e+00 1.262888e+01 2.271726e+01 8.876886e+00 -2.495304e-07 -1.019032e-07 7.762928e-09 4.354693e+00
1.314717e+01 2.347214e+01 8.775946e+00 1.314717e+01 2.347214e+01 8.775946e+00 -2.405210e-07 -1.064305e-07 2.414983e-08 2.438991e+00
8.824431e+00 2.022217e+01 2.522255e+00 8.824431e+00 2.022217e+01 2.522255e+00 1.292454e-08 -3.388337e-08 1.878387e-09 2.636984e+00
7.861654e+00 2.140643e+01 2.488410e+00 7.861654e+00 2.140643e+01 2.488410e+00 8.602867e-09 -3.753146e-08 2.183199e-09 2.300841e+00
7.388128e+00 1.970254e+01 2.490879e+00 7.388128e+00 1.970254e+01 2.490879e+00 1.072146e-08 -3.482071e-08 3.342119e-09 2.238425e+00
5.829753e+00 2.395214e+01 2.771010e+00 5.829753e+00 2.395214e+01 2.771010e+00 -2.359407e-08 -5.825181e-08 -2.402227e-08 7.696847e-01
6.851004e+00 2.266744e+01 2.488513e+00 6.851004e+00 2.266744e+01 2.488513e+00 -2.468176e-09 -4.791662e-08 -4.290064e-09 1.570323e+00
6.746070e+00 2.365064e+01 2.564613e+00 6.746070e+00 2.365064e+01 2.564613e+00 -1.448733e-08 -5.112048e-08 -1.038837e-08 1.146965e+00
8.600532e+00 2.296815e+01 2.435110e+00 8.600532e+00 2.296815e+01 2.435110e+00 -2.572794e-09 -3.654386e-08 -1.748357e-10 1.952868e+00
7.669425e+00 2.331504e+01 2.467735e+00 7.669425e+00 2.331504e+01 2.467735e+00 -7.619089e-09 -4.288859e-08 -2.917880e-09 1.577382e+00
4.330509e+00 1.858452e+01 2.773667e+00 4.330509e+00 1.858452e+01 2.773667e+00 -1.800501e-09 -4.158354e-08 -4.827040e-08 6.759019e-01
5.872992e+00 1.914928e+01 2.490908e+00 5.872992e+00 1.914928e+01 2.490908e+00 8.824686e-09 -3.645732e-08 -7.899292e-09 1.443427e+00
5.274558e+00 1.836476e+01 2.574734e+00 5.274558e+00 1.836476e+01 2.574734e+00 4.881954e-09 -3.445004e-08 -2.453168e-08 1.005562e+00
7.220752e+00 1.798028e+01 2.472323e+00 7.220752e+00 1.798028e+01 2.472323e+00 7.029331e-09 -2.963521e-08 2.443762e-10 1.771252e+00
6.244214e+00 1.816761e+01 2.490325e+00 6.244214e+00 1.816761e+01 2.490325e+00 7.250171e-09 -3.070528e-08 -8.180477e-09 1.407222e+00
8.500749e+00 2.650490e+01 3.224459e+00 8.500749e+00 2.650490e+01 3.224459e+00 -7.982918e-08 -4.650069e-08 7.565497e-09 4.265427e-01
6.769927e+00 2.638990e+01 3.612777e+00 6.769927e+00 2.638990e+01 3.612777e+00 -8.151117e-08 -5.888785e-08 -1.639798e-08 4.751502e-01
7.568979e+00 2.519848e+01 2.759235e+00 7.568979e+00 2.519848e+01 2.759235e+00 -4.466496e-08 -4.901382e-08 -6.940534e-09 7.081382e-01
8.485135e+00 2.568777e+01 2.798420e+00 8.485135e+00 2.568777e+01 2.798420e+00 -5.557735e-08 -4.328797e-08 3.373786e-09 6.097316e-01
3.461335e+00 2.486527e+01 4.941685e+00 3.461335e+00 2.486527e+01 4.941685e+00 -1.015355e-07 -6.990311e-08 -8.431912e-08 7.101902e-01
5.022671e+00 2.585694e+01 4.200027e+00 5.022671e+00 2.585694e+01 4.200027e+00 -8.754507e-08 -6.741150e-08 -4.922119e-08 5.731993e-01
4.326689e+00 2.574128e+01 4.907438e+00 4.326689e+00 2.574128e+01 4.907438e+00 -1.063991e-07 -6.843345e-08 -6.535897e-08 6.895535e-01
6.354930e+00 2.713796e+01 4.931784e+00 6.354930e+00 2.713796e+01 4.931784e+00 -1.152854e-07 -6.431541e-08 -2.476104e-08 6.874695e-01
5.301445e+00 2.650657e+01 4.904164e+00 5.301445e+00 2.650657e+01 4.904164e+00 -1.110883e-07 -6.627951e-08 -4.485809e-08 6.831675e-01
8.553870e+00 2.388884e+01 2.443445e+00 8.553870e+00 2.388884e+01 2.443445e+00 -1.061236e-08 -3.793056e-08 -4.495505e-10 1.486507e+00
8.515012e+00 2.480303e+01 2.546597e+00 8.515012e+00 2.480303e+01 2.546597e+00 -2.871579e-08 -4.002167e-08 4.028369e-10 9.946338e-01
5.265525e+00 1.502102e+01 3.244184e+00 5.265525e+00 1.502102e+01 3.244184e+00 -4.258654e-08 -1.814004e-08 -6.771860e-08 4.873883e-01
5.158313e+00 1.662336e+01 2.783841e+00 5.158313e+00 1.662336e+01 2.783841e+00 -1.340618e-08 -2.245693e-08 -4.603875e-08 6.061033e-01
5.681827e+00 1.573006e+01 2.828452e+00 5.681827e+00 1.573006e+01 2.828452e+00 -2.250661e-08 -1.793583e-08 -4.596214e-08 5.460158e-01
6.685691e+00 1.722707e+01 2.485341e+00 6.685691e+00 1.722707e+01 2.485341e+00 2.956670e-09 -2.693529e-08 -8.697742e-09 1.267607e+00
6.173353e+00 1.646900e+01 2.585239e+00 6.173353e+00 1.646900e+01 2.585239e+00 -5.568984e-09 -2.278887e-08 -2.455840e-08 8.227637e-01
4.653188e+00 2.527842e+01 7.545964e+00 4.653188e+00 2.527842e+01 7.545964e+00 -1.783432e-07 -5.713208e-08 -5.335253e-08 5.870043e-01
4.254906e+00 2.578969e+01 6.368554e+00 4.254906e+00 2.578969e+01 6.368554e+00 -1.489766e-07 -6.307212e-08 -6.658454e-08 7.304665e-01
4.903103e+00 2.601371e+01 7.013747e+00 4.903103e+00 2.601371e+01 7.013747e+00 -1.661818e-07 -6.072383e-08 -5.338521e-08 6.486649e-01
5.761510e+00 2.696763e+01 5.650856e+00 5.761510e+00 2.696763e+01 5.650856e+00 -1.314553e-07 -6.552009e-08 -3.738258e-08 7.585907e-01
5.274199e+00 2.658954e+01 6.366763e+00 5.274199e+00 2.658954e+01 6.366763e+00 -1.483763e-07 -6.369178e-08 -4.753035e-08 7.373489e-01
1.045801e+01 2.028670e+01 2.516051e+00 1.045801e+01 2.028670e+01 2.516051e+00 1.354155e-08 -3.227567e-08 -2.733111e-09 2.650767e+00
1.192608e+01 1.987510e+01 2.492534e+00 1.192608e+01 1.987510e+01 2.492534e+00 1.186827e-08 -3.382266e-08 -3.401887e-09 2.296166e+00
1.132549e+01 2.153881e+01 2.475636e+00 1.132549e+01 2.153881e+01 2.475636e+00 9.867913e-09 -3.034850e-08 -4.004947e-09 2.354109e+00
1.506531e+01 1.900687e+01 2.771917e+00 1.506531e+01 1.900687e+01 2.771917e+00 -3.589192e-09 -4.509978e-08 4.423479e-08 4.682817e-01
1.347597e+01 1.944457e+01 2.488531e+00 1.347597e+01 1.944457e+01 2.488531e+00 7.977429e-09 -3.829679e-08 8.046098e-09 1.471397e+00
1.414307e+01 1.871458e+01 2.572767e+00 1.414307e+01 1.871458e+01 2.572767e+00 1.760708e-09 -4.404939e-08 2.119707e-08 9.045836e-01
1.223934e+01 1.818009e+01 2.471009e+00 1.223934e+01 1.818009e+01 2.471009e+00 5.269491e-09 -4.041594e-08 -3.448166e-10 1.803353e+00
1.319695e+01 1.844123e+01 2.488901e+00 1.319695e+01 1.844123e+01 2.488901e+00 4.013682e-09 -4.301514e-08 6.227193e-09 1.402917e+00
1.314981e+01 2.423529e+01 2.767910e+00 1.314981e+01 2.423529e+01 2.767910e+00 -1.850916e-08 -2.343093e-08 3.756621e-08 6.732620e-01
1.223022e+01 2.287369e+01 2.480829e+00 1.223022e+01 2.287369e+01 2.480829e+00 2.908785e-10 -2.560765e-08 5.815227e-09 1.636590e+00
1.225847e+01 2.386181e+01 2.558097e+00 1.225847e+01 2.386181e+01 2.558097e+00 -1.132121e-08 -2.421963e-08 1.794229e-08 1.144356e+00
1.045140e+01 2.303845e+01 2.426089e+00 1.045140e+01 2.303845e+01 2.426089e+00 -1.440901e-09 -3.091262e-08 4.287809e-10 1.984184e+00
1.136147e+01 2.345332e+01 2.457468e+00 1.136147e+01 2.345332e+01 2.457468e+00 -6.057105e-09 -2.728627e-08 5.703717e-09 1.621810e+00
1.029668e+01 2.657313e+01 3.222013e+00 1.029668e+01 2.657313e+01 3.222013e+00 -7.885067e-08 -3.834653e-08 2.645819e-08 3.836189e-01
1.132456e+01 2.534127e+01 2.754288e+00 1.132456e+01 2.534127e+01 2.754288e+00 -4.174712e-08 -2.805510e-08 2.725063e-08 6.423527e-01
1.037333e+01 2.575934e+01 2.795514e+00 1.037333e+01 2.575934e+01 2.795514e+00 -5.419553e-08 -3.379437e-08 2.096822e-08 5.707012e-01
1.203078e+01 2.659254e+01 3.608293e+00 1.203078e+01 2.659254e+01 3.608293e+00 -7.830719e-08 -3.483428e-08 5.213560e-08 3.406053e-01
1.044248e+01 2.395976e+01 2.437793e+00 1.044248e+01 2.395976e+01 2.437793e+00 -1.082809e-08 -3.046181e-08 6.009863e-09 1.503812e+00
1.041364e+01 2.487486e+01 2.543013e+00 1.041364e+01 2.487486e+01 2.543013e+00 -2.704323e-08 -3.100820e-08 1.354148e-08 9.800583e-01
1.544673e+01 2.533622e+01 4.936685e+00 1.544673e+01 2.533622e+01 4.936685e+00 -9.737764e-08 -5.079354e-08 1.154487e-07 2.787059e-01
1.381235e+01 2.619998e+01 4.195689e+00 1.381235e+01 2.619998e+01 4.195689e+00 -8.199263e-08 -4.081999e-08 8.466396e-08 3.413886e-01
1.451636e+01 2.614103e+01 4.902786e+00 1.451636e+01 2.614103e+01 4.902786e+00 -1.023067e-07 -5.208107e-08 1.021894e-07 3.788464e-01
1.238833e+01 2.737337e+01 4.928069e+00 1.238833e+01 2.737337e+01 4.928069e+00 -1.119918e-07 -5.430944e-08 7.044261e-08 5.729937e-01
1.348613e+01 2.682691e+01 4.899926e+00 1.348613e+01 2.682691e+01 4.899926e+00 -1.076744e-07 -5.335347e-08 8.666710e-08 4.651562e-01
1.441915e+01 1.538341e+01 3.237977e+00 1.441915e+01 1.538341e+01 3.237977e+00 -5.172703e-08 -7.272221e-08 4.431100e-08 4.194045e-01
1.439895e+01 1.698833e+01 2.780345e+00 1.439895e+01 1.698833e+01 2.780345e+00 -1.926100e-08 -5.991164e-08 3.508990e-08 4.012394e-01
1.394653e+01 1.605709e+01 2.823618e+00 1.394653e+01 1.605709e+01 2.823618e+00 -3.030455e-08 -6.464367e-08 3.131829e-08 3.716342e-01
1.281764e+01 1.746482e+01 2.485341e+00 1.281764e+01 1.746482e+01 2.485341e+00 -2.091148e-10 -4.556545e-08 6.169714e-09 1.240586e+00
1.340093e+01 1.675782e+01 2.582664e+00 1.340093e+01 1.675782e+01 2.582664e+00 -1.018459e-08 -5.270016e-08 1.762857e-08 6.787298e-01
1.423380e+01 2.565732e+01 7.543577e+00 1.423380e+01 2.565732e+01 7.543577e+00 -1.845240e-07 -1.025687e-07 8.372342e-08 5.607182e-01
1.458796e+01 2.619741e+01 6.364553e+00 1.458796e+01 2.619741e+01 6.364553e+00 -1.498462e-07 -7.972459e-08 1.043145e-07 3.823495e-01
1.392592e+01 2.637021e+01 7.011091e+00 1.392592e+01 2.637021e+01 7.011091e+00 -1.690816e-07 -9.299955e-08 9.017798e-08 5.381034e-01
1.299360e+01 2.725151e+01 5.647452e+00 1.299360e+01 2.725151e+01 5.647452e+00 -1.296343e-07 -6.683210e-08 8.283972e-08 6.279216e-01
1.350974e+01 2.691417e+01 6.363758e+00 1.350974e+01 2.691417e+01 6.363758e+00 -1.496916e-07 -8.021617e-08 8.999708e-08 6.049649e-01
9.696376e+00 1.909944e+01 8.842669e+00 9.696376e+00 1.909944e+01 8.842669e+00 -2.557207e-07 -9.547377e-08 4.676107e-10 1.490481e+01
6.156772e+00 1.356650e+01 3.811139e+00 6.156772e+00 1.356650e+01 3.811139e+00 -6.342569e-08 -2.877997e-08 -7.485349e-08 5.943472e-01
7.603909e+00 1.266185e+01 4.256899e+00 7.603909e+00 1.266185e+01 4.256899e+00 -8.284082e-08 -4.235190e-08 -6.024243e-08 6.662007e-01
1.123284e+01 1.211334e+01 5.635631e+00 1.123284e+01 1.211334e+01 5.635631e+00 -1.207307e-07 -6.607651e-08 -2.873176e-09 7.457743e-01
9.348267e+00 1.212610e+01 4.890491e+00 9.348267e+00 1.212610e+01 4.890491e+00 -1.037221e-07 -5.854168e-08 -3.470964e-08 7.410479e-01
1.058348e+01 1.217492e+01 4.889494e+00 1.058348e+01 1.217492e+01 4.889494e+00 -1.048409e-07 -6.114635e-08 -1.276047e-08 7.461553e-01
9.354655e+00 1.303402e+01 3.585270e+00 9.354655e+00 1.303402e+01 3.585270e+00 -6.735269e-08 -4.283612e-08 -2.620668e-08 5.203631e-01
9.951575e+00 1.249779e+01 4.187227e+00 9.951575e+00 1.249779e+01 4.187227e+00 -8.640364e-08 -5.260784e-08 -2.121651e-08 6.467963e-01
1.364641e+01 1.386316e+01 3.804162e+00 1.364641e+01 1.386316e+01 3.804162e+00 -7.205011e-08 -6.961313e-08 4.019640e-08 5.437514e-01
1.227769e+01 1.284694e+01 4.252448e+00 1.227769e+01 1.284694e+01 4.252448e+00 -8.862652e-08 -6.368225e-08 1.829901e-08 6.548090e-01
1.267258e+01 1.349301e+01 3.678840e+00 1.267258e+01 1.349301e+01 3.678840e+00 -7.159556e-08 -6.583453e-08 2.476378e-08 5.467699e-01
1.050302e+01 1.307967e+01 3.584141e+00 1.050302e+01 1.307967e+01 3.584141e+00 -6.932461e-08 -5.097992e-08 -9.062773e-09 5.209772e-01
1.162058e+01 1.323272e+01 3.611386e+00 1.162058e+01 1.323272e+01 3.611386e+00 -7.130711e-08 -5.908435e-08 8.064537e-09 5.356507e-01
9.415803e+00 2.608123e+01 2.909365e+00 9.415803e+00 2.608123e+01 2.909365e+00 -6.435146e-08 -3.974521e-08 1.433617e-08 4.996644e-01
6.268554e+00 1.490844e+01 2.937941e+00 6.268554e+00 1.490844e+01 2.937941e+00 -3.245636e-08 -1.718885e-08 -4.795746e-08 5.034551e-01
7.749877e+00 1.541750e+01 2.584745e+00 7.749877e+00 1.541750e+01 2.584745e+00 -1.361001e-08 -2.349233e-08 -1.569306e-08 7.806532e-01
1.079797e+01 1.705063e+01 2.471469e+00 1.079797e+01 1.705063e+01 2.471469e+00 -4.116126e-10 -3.819642e-08 -5.980448e-10 1.732871e+00
9.284430e+00 1.614028e+01 2.487699e+00 9.284430e+00 1.614028e+01 2.487699e+00 -6.476354e-09 -3.142368e-08 -1.945707e-09 1.300241e+00
1.032361e+01 1.618283e+01 2.486865e+00 1.032361e+01 1.618283e+01 2.486865e+00 -7.467679e-09 -3.703761e-08 -9.157819e-10 1.297546e+00
9.336913e+00 1.449281e+01 2.768571e+00 9.336913e+00 1.449281e+01 2.768571e+00 -3.180812e-08 -3.378758e-08 -1.292189e-08 5.607718e-01
9.837408e+00 1.532247e+01 2.571124e+00 9.837408e+00 1.532247e+01 2.571124e+00 -1.805793e-08 -3.553122e-08 -4.325190e-09 8.572612e-01
1.342713e+01 1.519267e+01 2.932258e+00 1.342713e+01 1.519267e+01 2.932258e+00 -4.122104e-08 -6.681989e-08 2.789140e-08 4.291281e-01
1.191281e+01 1.558642e+01 2.580727e+00 1.191281e+01 1.558642e+01 2.580727e+00 -1.809529e-08 -4.888634e-08 6.187573e-09 6.851643e-01
1.246467e+01 1.489066e+01 2.822133e+00 1.246467e+01 1.489066e+01 2.822133e+00 -3.799948e-08 -6.033146e-08 1.533739e-08 4.452684e-01
1.040344e+01 1.453617e+01 2.767253e+00 1.040344e+01 1.453617e+01 2.767253e+00 -3.377196e-08 -4.241745e-08 -4.558781e-09 5.400151e-01
1.145339e+01 1.467002e+01 2.777901e+00 1.145339e+01 1.467002e+01 2.777901e+00 -3.555575e-08 -5.149724e-08 4.511522e-09 4.964433e-01
5.889389e+00 2.475374e+01 8.421119e+00 5.889389e+00 2.475374e+01 8.421119e+00 -2.057280e-07 -6.187481e-08 -2.764242e-08 9.593138e-01
7.401494e+00 2.435808e+01 8.776668e+00 7.401494e+00 2.435808e+01 8.776668e+00 -2.283154e-07 -7.878809e-08 -6.612919e-09 2.420747e+00
1.058276e+01 2.297368e+01 8.892491e+00 1.058276e+01 2.297368e+01 8.892491e+00 -2.480652e-07 -9.873116e-08 -1.303845e-09 6.842522e+00
8.990591e+00 2.376007e+01 8.874242e+00 8.990591e+00 2.376007e+01 8.874242e+00 -2.394031e-07 -9.137304e-08 2.826164e-10 4.802657e+00
1.003351e+01 2.380109e+01 8.874334e+00 1.003351e+01 2.380109e+01 8.874334e+00 -2.401891e-07 -9.708185e-08 1.179622e-09 4.748481e+00
8.913585e+00 2.540399e+01 8.591819e+00 8.913585e+00 2.540399e+01 8.591819e+00 -2.132471e-07 -8.642114e-08 3.816972e-09 1.521853e+00
9.478857e+00 2.461775e+01 8.790307e+00 9.478857e+00 2.461775e+01 8.790307e+00 -2.288894e-07 -9.330767e-08 3.693196e-09 2.871063e+00
1.304545e+01 2.503621e+01 8.420547e+00 1.304545e+01 2.503621e+01 8.420547e+00 -2.138265e-07 -1.128651e-07 4.550275e-08 1.009032e+00
1.157037e+01 2.452225e+01 8.776909e+00 1.157037e+01 2.452225e+01 8.776909e+00 -2.325996e-07 -1.058131e-07 1.487060e-08 2.336863e+00
1.206267e+01 2.525959e+01 8.532490e+00 1.206267e+01 2.525959e+01 8.532490e+00 -2.158035e-07 -1.100790e-07 3.215045e-08 1.205431e+00
9.980012e+00 2.544602e+01 8.591964e+00 9.980012e+00 2.544602e+01 8.591964e+00 -2.150178e-07 -9.547297e-08 1.187251e-08 1.511106e+00
1.103715e+01 2.539769e+01 8.579073e+00 1.103715e+01 2.539769e+01 8.579073e+00 -2.160920e-07 -1.036546e-07 2.090034e-08 1.389860e+00
5.676662e+00 2.608204e+01 7.544885e+00 5.676662e+00 2.608204e+01 7.544885e+00 -1.763190e-07 -5.895896e-08 -3.972308e-08 5.886320e-01
7.048537e+00 2.709404e+01 7.096906e+00 7.048537e+00 2.709404e+01 7.096906e+00 -1.612146e-07 -6.590876e-08 -1.794452e-08 6.482352e-01
1.060638e+01 2.792230e+01 5.708706e+00 1.060638e+01 2.792230e+01 5.708706e+00 -1.292208e-07 -6.688712e-08 4.683894e-08 7.751461e-01
8.738844e+00 2.776214e+01 6.458777e+00 8.738844e+00 2.776214e+01 6.458777e+00 -1.443482e-07 -6.956740e-08 1.317011e-08 7.631065e-01
9.967876e+00 2.781034e+01 6.458451e+00 9.967876e+00 2.781034e+01 6.458451e+00 -1.452959e-07 -7.398193e-08 3.450320e-08 7.772670e-01
8.817026e+00 2.685907e+01 7.769918e+00 8.817026e+00 2.685907e+01 7.769918e+00 -1.790089e-07 -7.917691e-08 8.654451e-09 6.144195e-01
9.367093e+00 2.743966e+01 7.164429e+00 9.367093e+00 2.743966e+01 7.164429e+00 -1.617303e-07 -7.782496e-08 2.109002e-08 6.763280e-01
1.315057e+01 2.637755e+01 7.543576e+00 1.315057e+01 2.637755e+01 7.543576e+00 -1.816617e-07 -1.020309e-07 7.290245e-08 5.154673e-01
1.170399e+01 2.727761e+01 7.096048e+00 1.170399e+01 2.727761e+01 7.096048e+00 -1.640505e-07 -9.005685e-08 5.921927e-08 6.608868e-01
1.215101e+01 2.666756e+01 7.670858e+00 1.215101e+01 2.666756e+01 7.670858e+00 -1.822355e-07 -1.013022e-07 5.809568e-08 5.666577e-01
9.961139e+00 2.690420e+01 7.769925e+00 9.961139e+00 2.690420e+01 7.769925e+00 -1.807678e-07 -8.846691e-08 2.511212e-08 6.211250e-01
1.108346e+01 2.684150e+01 7.740746e+00 1.108346e+01 2.684150e+01 7.740746e+00 -1.818324e-07 -9.618917e-08 4.176936e-08 6.071493e-01
1.300851e+01 1.427301e+01 3.236576e+00 1.300851e+01 1.427301e+01 3.236576e+00 -5.839204e-08 -6.905161e-08 2.707646e-08 4.877826e-01
1.255076e+01 2.591910e+01 8.114456e+00 1.255076e+01 2.591910e+01 8.114456e+00 -1.977394e-07 -1.115233e-07 5.215397e-08 6.466194e-01
