1 0 3 2 642
1.034660e+03 5.197625e+02 2.141181e+00 5.009021e-02
4.783555e+00 2.822687e+01 8.877800e+00 4.783555e+00 2.822687e+01 8.877800e+00 1.565311e-04 -8.440325e-06 3.251635e-05 8.434018e-01
1.683307e+01 2.820959e+01 9.017289e+00 1.683307e+01 2.820959e+01 9.017289e+00 1.735272e-04 1.802180e-05 1.784276e-04 8.699625e-01
4.835562e+00 3.182746e+01 3.835532e+00 4.835562e+00 3.182746e+01 3.835532e+00 2.445165e-04 -4.298447e-05 2.490294e-05 5.991800e-01
1.705030e+01 3.185317e+01 3.936861e+00 1.705030e+01 3.185317e+01 3.936861e+00 1.784686e-04 -1.710360e-05 6.869932e-05 2.219830e-01
1.080484e+01 2.390906e+01 9.036599e+00 1.080484e+01 2.390906e+01 9.036599e+00 1.724349e-04 2.063548e-07 1.221317e-04 8.370473e-01
1.101684e+01 2.955061e+01 2.502536e+00 1.101684e+01 2.955061e+01 2.502536e+00 2.413348e-04 -4.903246e-05 -6.229956e-06 2.712210e+00
1.078704e+01 3.037516e+01 1.090195e+01 1.078704e+01 3.037516e+01 1.090195e+01 1.486356e-04 2.098274e-05 -5.265703e-06 1.547178e+01
1.095485e+01 3.617528e+01 3.746316e+00 1.095485e+01 3.617528e+01 3.746316e+00 2.021979e-04 -5.961825e-05 4.544259e-05 4.412042e-01
6.967854e+00 2.460095e+01 4.179252e+00 6.967854e+00 2.460095e+01 4.179252e+00 2.305068e-04 -9.673345e-06 7.260087e-05 5.729448e-01
7.065009e+00 3.533616e+01 8.555433e+00 7.065009e+00 3.533616e+01 8.555433e+00 1.517006e-04 1.008995e-05 2.992773e-05 7.137261e-01
1.464318e+01 2.464322e+01 4.059023e+00 1.464318e+01 2.464322e+01 4.059023e+00 1.747312e-04 9.103109e-06 1.032152e-04 5.109103e-01
1.457502e+01 3.539766e+01 8.795982e+00 1.457502e+01 3.539766e+01 8.795982e+00 1.598248e-04 1.687770e-05 1.135659e-04 6.353758e-01
3.463693e+00 3.003324e+01 6.336233e+00 3.463693e+00 3.003324e+01 6.336233e+00 1.971605e-04 -1.526487e-05 1.551003e-05 8.542910e-01
7.370914e+00 2.553517e+01 9.363698e+00 7.370914e+00 2.553517e+01 9.363698e+00 1.634998e-04 -8.727133e-07 6.743426e-05 1.378678e+00
7.554738e+00 2.928971e+01 1.056825e+01 7.554738e+00 2.928971e+01 1.056825e+01 1.488888e-04 1.150261e-05 1.997967e-05 7.411795e+00
4.833329e+00 2.570540e+01 6.577438e+00 4.833329e+00 2.570540e+01 6.577438e+00 2.009898e-04 -1.264496e-05 4.673656e-05 8.322764e-01
5.242368e+00 3.202543e+01 9.093597e+00 5.242368e+00 3.202543e+01 9.093597e+00 1.525049e-04 2.198531e-06 2.374987e-05 1.086730e+00
1.822764e+01 3.004619e+01 6.533413e+00 1.822764e+01 3.004619e+01 6.533413e+00 1.161645e-04 1.236782e-05 1.344916e-04 3.677860e-01
1.417330e+01 2.553062e+01 9.461109e+00 1.417330e+01 2.553062e+01 9.461109e+00 1.679350e-04 1.205979e-05 1.593212e-04 1.320605e+00
1.402847e+01 2.927626e+01 1.065399e+01 1.402847e+01 2.927626e+01 1.065399e+01 1.617048e-04 2.012494e-05 1.236426e-04 6.660974e+00
1.642725e+01 2.580411e+01 6.623105e+00 1.642725e+01 2.580411e+01 6.623105e+00 1.068687e-04 6.704516e-05 1.289290e-04 5.127984e-01
1.637938e+01 3.202626e+01 9.301443e+00 1.637938e+01 3.202626e+01 9.301443e+00 1.643040e-04 1.605332e-05 1.659403e-04 1.051547e+00
7.759832e+00 3.069127e+01 2.535558e+00 7.759832e+00 3.069127e+01 2.535558e+00 2.405859e-04 -4.749778e-05 1.227282e-05 1.757831e+00
7.506591e+00 3.450935e+01 3.456535e+00 7.506591e+00 3.450935e+01 3.456535e+00 2.300114e-04 -5.516549e-05 3.212026e-05 6.133674e-01
5.251873e+00 2.798815e+01 3.663060e+00 5.251873e+00 2.798815e+01 3.663060e+00 2.357616e-04 -2.695508e-05 4.457769e-05 5.545648e-01
4.899809e+00 3.432189e+01 6.134121e+00 4.899809e+00 3.432189e+01 6.134121e+00 2.010690e-04 -2.961623e-05 9.042341e-06 8.558911e-01
1.424618e+01 3.071451e+01 2.480156e+00 1.424618e+01 3.071451e+01 2.480156e+00 2.322611e-04 -2.345101e-05 -5.774615e-06 1.838823e+00
1.435896e+01 3.454081e+01 3.439288e+00 1.435896e+01 3.454081e+01 3.439288e+00 1.978535e-04 -3.261772e-05 5.477884e-05 4.415230e-01
1.666286e+01 2.803023e+01 3.703478e+00 1.666286e+01 2.803023e+01 3.703478e+00 2.013127e-04 -6.746012e-07 7.780047e-05 2.679983e-01
1.643947e+01 3.419418e+01 6.345275e+00 1.643947e+01 3.419418e+01 6.345275e+00 9.675900e-05 -7.219225e-05 1.073167e-04 2.967080e-01
1.076583e+01 2.695622e+01 1.061796e+01 1.076583e+01 2.695622e+01 1.061796e+01 1.534144e-04 1.665999e-05 6.608864e-05 7.841444e+00
8.467490e+00 2.301209e+01 6.734563e+00 8.467490e+00 2.301209e+01 6.734563e+00 2.038611e-04 4.532843e-08 9.118667e-05 8.304044e-01
1.319523e+01 2.301525e+01 6.722277e+00 1.319523e+01 2.301525e+01 6.722277e+00 1.849085e-04 2.440058e-05 1.339379e-04 7.735990e-01
1.096485e+01 3.299535e+01 2.531513e+00 1.096485e+01 3.299535e+01 2.531513e+00 2.330550e-04 -4.890740e-05 1.791948e-05 1.831982e+00
8.890256e+00 2.686868e+01 2.583179e+00 8.890256e+00 2.686868e+01 2.583179e+00 2.314382e-04 -3.708867e-05 2.991706e-05 1.575127e+00
1.292616e+01 2.669263e+01 2.597580e+00 1.292616e+01 2.669263e+01 2.597580e+00 2.218560e-04 -5.610760e-05 2.773170e-05 1.584172e+00
8.783295e+00 3.311147e+01 1.048155e+01 8.783295e+00 3.311147e+01 1.048155e+01 1.406373e-04 1.981027e-05 3.616034e-05 6.271528e+00
1.280652e+01 3.311729e+01 1.057166e+01 1.280652e+01 3.311729e+01 1.057166e+01 1.514283e-04 2.943373e-05 9.667268e-05 6.003281e+00
8.624455e+00 3.700237e+01 6.054383e+00 8.624455e+00 3.700237e+01 6.054383e+00 1.987569e-04 -3.620239e-05 3.624908e-05 8.459968e-01
1.322920e+01 3.703401e+01 6.128929e+00 1.322920e+01 3.703401e+01 6.128929e+00 1.666961e-04 -3.555836e-05 7.182678e-05 7.831844e-01
1.081018e+01 2.374306e+01 3.879477e+00 1.081018e+01 2.374306e+01 3.879477e+00 2.130125e-04 -1.553844e-05 8.837793e-05 4.930073e-01
1.084276e+01 3.611682e+01 8.997548e+00 1.084276e+01 3.611682e+01 8.997548e+00 1.555181e-04 1.687342e-05 8.164275e-05 8.900635e-01
3.821574e+00 2.914216e+01 7.783626e+00 3.821574e+00 2.914216e+01 7.783626e+00 1.704967e-04 -9.236384e-06 2.287642e-05 7.115530e-01
5.886193e+00 2.679221e+01 9.240503e+00 5.886193e+00 2.679221e+01 9.240503e+00 1.587549e-04 -3.961197e-06 4.745713e-05 1.155252e+00
6.036490e+00 2.873816e+01 9.929388e+00 6.036490e+00 2.873816e+01 9.929388e+00 1.495143e-04 2.195173e-06 3.328575e-05 2.682791e+00
4.568597e+00 2.682511e+01 7.888212e+00 4.568597e+00 2.682511e+01 7.888212e+00 1.738649e-04 -1.290980e-05 3.815879e-05 7.182041e-01
4.810032e+00 3.008819e+01 9.110073e+00 4.810032e+00 3.008819e+01 9.110073e+00 1.534360e-04 -4.597101e-06 2.678721e-05 1.022854e+00
1.780499e+01 2.920767e+01 8.004932e+00 1.780499e+01 2.920767e+01 8.004932e+00 1.370039e-04 2.595785e-05 1.553425e-04 4.904524e-01
1.568276e+01 2.678678e+01 9.356229e+00 1.568276e+01 2.678678e+01 9.356229e+00 1.708502e-04 1.426726e-05 1.735686e-04 1.122531e+00
1.557119e+01 2.870475e+01 1.007786e+01 1.557119e+01 2.870475e+01 1.007786e+01 1.817918e-04 1.304791e-05 1.892236e-04 2.398171e+00
1.686764e+01 2.685321e+01 7.950852e+00 1.686764e+01 2.685321e+01 7.950852e+00 1.172815e-04 3.840243e-05 1.529487e-04 6.016858e-01
1.681169e+01 3.007176e+01 9.344737e+00 1.681169e+01 3.007176e+01 9.344737e+00 1.768087e-04 1.634619e-05 1.846400e-04 9.174449e-01
6.172062e+00 3.128183e+01 2.920547e+00 6.172062e+00 3.128183e+01 2.920547e+00 2.459526e-04 -4.690067e-05 3.173458e-05 8.562839e-01
5.986871e+00 3.324998e+01 3.528899e+00 5.986871e+00 3.324998e+01 3.528899e+00 2.424996e-04 -4.897507e-05 2.772209e-05 5.968873e-01
4.850869e+00 2.995667e+01 3.626509e+00 4.850869e+00 2.995667e+01 3.626509e+00 2.413356e-04 -3.782680e-05 3.373430e-05 5.623989e-01
4.609713e+00 3.323545e+01 4.806295e+00 4.609713e+00 3.323545e+01 4.806295e+00 2.285096e-04 -4.000097e-05 1.392716e-05 7.417657e-01
1.582004e+01 3.133611e+01 2.871973e+00 1.582004e+01 3.133611e+01 2.871973e+00 2.249200e-04 -1.941129e-05 1.926254e-05 6.879165e-01
1.588499e+01 3.328334e+01 3.572581e+00 1.588499e+01 3.328334e+01 3.572581e+00 1.927452e-04 -1.778884e-05 6.737485e-05 3.500664e-01
1.708351e+01 2.998464e+01 3.621025e+00 1.708351e+01 2.998464e+01 3.621025e+00 2.056736e-04 -1.029969e-05 6.559828e-05 2.572574e-01
1.693943e+01 3.316850e+01 5.028771e+00 1.693943e+01 3.316850e+01 5.028771e+00 1.217774e-04 -5.518781e-05 1.051005e-04 2.072977e-01
1.076862e+01 2.531475e+01 1.003083e+01 1.076862e+01 2.531475e+01 1.003083e+01 1.611508e-04 5.615671e-06 1.097142e-04 2.948100e+00
9.564862e+00 2.321179e+01 8.063616e+00 9.564862e+00 2.321179e+01 8.063616e+00 1.855709e-04 -1.470474e-06 1.051014e-04 6.588847e-01
1.205611e+01 2.320699e+01 8.056137e+00 1.205611e+01 2.320699e+01 8.056137e+00 1.831410e-04 8.518416e-06 1.340979e-04 6.179680e-01
1.098942e+01 3.125287e+01 2.495115e+00 1.098942e+01 3.125287e+01 2.495115e+00 2.407088e-04 -4.865588e-05 1.160455e-06 2.533004e+00
9.954866e+00 2.823102e+01 2.486429e+00 9.954866e+00 2.823102e+01 2.486429e+00 2.399151e-04 -4.629016e-05 1.884770e-06 2.407455e+00
1.201324e+01 2.816901e+01 2.487563e+00 1.201324e+01 2.816901e+01 2.487563e+00 2.501498e-04 -4.507807e-05 -1.204684e-06 2.427579e+00
9.788398e+00 3.174643e+01 1.083695e+01 9.788398e+00 3.174643e+01 1.083695e+01 1.448629e-04 1.762679e-05 7.501593e-06 1.220874e+01
1.178670e+01 3.174635e+01 1.085765e+01 1.178670e+01 3.174635e+01 1.085765e+01 1.467012e-04 2.242996e-05 2.736563e-05 1.191149e+01
9.714979e+00 3.687384e+01 4.713007e+00 9.714979e+00 3.687384e+01 4.713007e+00 2.044740e-04 -5.575866e-05 4.421497e-05 6.326294e-01
1.218102e+01 3.688852e+01 4.733526e+00 1.218102e+01 3.688852e+01 4.733526e+00 1.851848e-04 -5.029464e-05 5.660963e-05 5.660431e-01
8.760595e+00 2.398870e+01 3.907060e+00 8.760595e+00 2.398870e+01 3.907060e+00 2.281059e-04 -1.192671e-05 8.339712e-05 5.200673e-01
8.840761e+00 3.591460e+01 8.881295e+00 8.840761e+00 3.591460e+01 8.881295e+00 1.506752e-04 1.361421e-05 5.326454e-05 8.114516e-01
3.824258e+00 3.092477e+01 4.891487e+00 3.824258e+00 3.092477e+01 4.891487e+00 2.286449e-04 -2.948174e-05 1.760817e-05 7.396632e-01
3.990162e+00 3.121435e+01 7.799768e+00 3.990162e+00 3.121435e+01 7.799768e+00 1.722390e-04 -9.201113e-06 1.598275e-05 6.910152e-01
3.859372e+00 3.226919e+01 6.230584e+00 3.859372e+00 3.226919e+01 6.230584e+00 2.022343e-04 -2.274292e-05 8.728817e-06 8.608525e-01
3.831742e+00 2.778725e+01 6.453062e+00 3.831742e+00 2.778725e+01 6.453062e+00 1.967950e-04 -1.376617e-05 3.046074e-05 8.210451e-01
3.970590e+00 2.883503e+01 4.888456e+00 3.970590e+00 2.883503e+01 4.888456e+00 2.253149e-04 -2.260991e-05 3.136238e-05 6.660932e-01
9.063865e+00 2.453509e+01 9.324680e+00 9.063865e+00 2.453509e+01 9.324680e+00 1.674790e-04 -1.500983e-06 9.438857e-05 1.184900e+00
5.925694e+00 2.524525e+01 8.091107e+00 5.925694e+00 2.524525e+01 8.091107e+00 1.800184e-04 -8.253698e-06 5.728618e-05 7.062459e-01
7.637557e+00 2.401357e+01 8.161543e+00 7.637557e+00 2.401357e+01 8.161543e+00 1.837186e-04 -4.193209e-06 8.041896e-05 6.830684e-01
7.393734e+00 2.733953e+01 1.017915e+01 7.393734e+00 2.733953e+01 1.017915e+01 1.534860e-04 7.248884e-06 4.398277e-05 4.064779e+00
9.006221e+00 2.618348e+01 1.020634e+01 9.006221e+00 2.618348e+01 1.020634e+01 1.573363e-04 8.526046e-06 6.902895e-05 4.203784e+00
9.174607e+00 2.984350e+01 1.085240e+01 9.174607e+00 2.984350e+01 1.085240e+01 1.499883e-04 1.739683e-05 -1.808733e-06 1.320464e+01
9.056583e+00 2.798512e+01 1.069130e+01 9.056583e+00 2.798512e+01 1.069130e+01 1.525688e-04 1.671790e-05 2.648477e-05 9.375380e+00
6.294243e+00 3.070986e+01 1.007354e+01 6.294243e+00 3.070986e+01 1.007354e+01 1.472837e-04 6.754592e-06 2.523599e-05 3.553351e+00
7.992415e+00 3.126081e+01 1.063049e+01 7.992415e+00 3.126081e+01 1.063049e+01 1.460802e-04 1.388466e-05 1.495655e-05 8.343489e+00
5.643922e+00 2.494932e+01 5.232799e+00 5.643922e+00 2.494932e+01 5.232799e+00 2.226196e-04 -9.037406e-06 6.064014e-05 7.394143e-01
4.589773e+00 2.677852e+01 5.012457e+00 4.589773e+00 2.677852e+01 5.012457e+00 2.211802e-04 -1.511760e-05 4.554996e-05 6.594015e-01
6.458300e+00 2.407083e+01 6.677564e+00 6.458300e+00 2.407083e+01 6.677564e+00 2.046511e-04 -6.375839e-06 6.783359e-05 8.399783e-01
6.003158e+00 3.384517e+01 8.934575e+00 6.003158e+00 3.384517e+01 8.934575e+00 1.506180e-04 8.412648e-06 2.570042e-05 8.769715e-01
6.903332e+00 3.262578e+01 1.000740e+01 6.903332e+00 3.262578e+01 1.000740e+01 1.440088e-04 1.395767e-05 3.025883e-05 3.221419e+00
4.645573e+00 3.323332e+01 7.694197e+00 4.645573e+00 3.323332e+01 7.694197e+00 1.706937e-04 -8.818323e-06 1.319595e-05 6.966615e-01
1.794505e+01 3.086338e+01 5.018065e+00 1.794505e+01 3.086338e+01 5.018065e+00 1.420482e-04 -5.384410e-06 1.091134e-04 2.592927e-01
1.762971e+01 2.800249e+01 6.636238e+00 1.762971e+01 2.800249e+01 6.636238e+00 9.422842e-05 4.532582e-05 1.316235e-04 3.361800e-01
1.781223e+01 2.889563e+01 5.010153e+00 1.781223e+01 2.889563e+01 5.010153e+00 1.474836e-04 1.145507e-05 1.139054e-04 2.615471e-01
1.763046e+01 3.117807e+01 8.034919e+00 1.763046e+01 3.117807e+01 8.034919e+00 1.426136e-04 8.999446e-06 1.559679e-04 5.249853e-01
1.761994e+01 3.203407e+01 6.401554e+00 1.761994e+01 3.203407e+01 6.401554e+00 1.074611e-04 -2.929636e-05 1.248319e-04 3.030930e-01
1.250541e+01 2.453164e+01 9.366765e+00 1.250541e+01 2.453164e+01 9.366765e+00 1.663069e-04 5.675717e-06 1.428106e-04 1.113358e+00
1.416746e+01 2.732691e+01 1.027551e+01 1.416746e+01 2.732691e+01 1.027551e+01 1.677068e-04 1.406163e-05 1.559489e-04 3.715560e+00
1.252898e+01 2.617853e+01 1.025593e+01 1.252898e+01 2.617853e+01 1.025593e+01 1.598064e-04 1.219898e-05 1.265038e-04 4.012945e+00
1.556697e+01 2.526243e+01 8.185622e+00 1.556697e+01 2.526243e+01 8.185622e+00 1.497937e-04 3.231545e-05 1.454200e-04 7.472941e-01
1.393493e+01 2.400264e+01 8.228698e+00 1.393493e+01 2.400264e+01 8.228698e+00 1.705725e-04 2.048416e-05 1.501505e-04 5.896473e-01
1.239964e+01 2.984141e+01 1.087320e+01 1.239964e+01 2.984141e+01 1.087320e+01 1.508435e-04 2.358080e-05 3.060617e-05 1.259595e+01
1.530497e+01 3.070504e+01 1.024327e+01 1.530497e+01 3.070504e+01 1.024327e+01 1.703702e-04 2.101395e-05 1.679128e-04 3.141391e+00
1.358977e+01 3.126627e+01 1.071421e+01 1.358977e+01 3.126627e+01 1.071421e+01 1.537139e-04 2.652933e-05 9.313946e-05 7.635539e+00
1.249340e+01 2.798166e+01 1.072711e+01 1.249340e+01 2.798166e+01 1.072711e+01 1.539618e-04 2.096020e-05 7.739341e-05 8.902137e+00
1.583623e+01 2.487297e+01 5.268808e+00 1.583623e+01 2.487297e+01 5.268808e+00 1.295796e-04 3.541538e-05 1.367552e-04 4.396927e-01
1.512620e+01 2.407874e+01 6.772340e+00 1.512620e+01 2.407874e+01 6.772340e+00 1.455537e-04 4.182241e-05 1.413971e-04 6.814426e-01
1.701686e+01 2.696548e+01 5.197492e+00 1.701686e+01 2.696548e+01 5.197492e+00 1.332229e-04 4.665291e-05 1.180206e-04 2.719591e-01
1.565743e+01 3.387575e+01 9.116133e+00 1.565743e+01 3.387575e+01 9.116133e+00 1.643619e-04 2.149698e-05 1.303282e-04 8.666676e-01
1.690650e+01 3.310390e+01 7.822575e+00 1.690650e+01 3.310390e+01 7.822575e+00 1.266760e-04 -2.737355e-05 1.367856e-04 4.671269e-01
1.471566e+01 3.264655e+01 1.016955e+01 1.471566e+01 3.264655e+01 1.016955e+01 1.652918e-04 3.187328e-05 1.461741e-04 2.921680e+00
9.404396e+00 3.011450e+01 2.485363e+00 9.404396e+00 3.011450e+01 2.485363e+00 2.397659e-04 -4.769076e-05 -1.079063e-05 2.493722e+00
7.571092e+00 3.266083e+01 2.776036e+00 7.571092e+00 3.266083e+01 2.776036e+00 2.401410e-04 -5.176624e-05 2.206273e-05 1.144529e+00
9.272800e+00 3.197439e+01 2.517676e+00 9.272800e+00 3.197439e+01 2.517676e+00 2.387452e-04 -5.070347e-05 -3.073526e-06 2.038096e+00
6.409987e+00 2.930109e+01 2.838088e+00 6.409987e+00 2.930109e+01 2.838088e+00 2.413682e-04 -4.010199e-05 3.438157e-05 1.039021e+00
8.156628e+00 2.873321e+01 2.524465e+00 8.156628e+00 2.873321e+01 2.524465e+00 2.387251e-04 -4.130901e-05 1.530659e-05 1.909901e+00
9.213887e+00 3.553007e+01 3.488332e+00 9.213887e+00 3.553007e+01 3.488332e+00 2.136530e-04 -5.938169e-05 4.017710e-05 5.290945e-01
6.012174e+00 3.480612e+01 4.650197e+00 6.012174e+00 3.480612e+01 4.650197e+00 2.254503e-04 -4.701594e-05 2.348384e-05 6.695924e-01
7.767042e+00 3.605219e+01 4.615396e+00 7.767042e+00 3.605219e+01 4.615396e+00 2.150117e-04 -5.316887e-05 3.525626e-05 6.331124e-01
9.188294e+00 3.381463e+01 2.770666e+00 9.188294e+00 3.381463e+01 2.770666e+00 2.295208e-04 -5.418558e-05 2.479614e-05 1.151493e+00
5.956295e+00 2.612727e+01 3.811823e+00 5.956295e+00 2.612727e+01 3.811823e+00 2.329628e-04 -1.635007e-05 5.963852e-05 5.278530e-01
6.971561e+00 2.736331e+01 2.890155e+00 6.971561e+00 2.736331e+01 2.890155e+00 2.361362e-04 -3.165353e-05 4.522078e-05 9.785308e-01
5.742607e+00 3.501898e+01 7.488499e+00 5.742607e+00 3.501898e+01 7.488499e+00 1.711236e-04 -9.724486e-06 1.440613e-05 7.429620e-01
6.570319e+00 3.593442e+01 6.073564e+00 6.570319e+00 3.593442e+01 6.073564e+00 1.992425e-04 -3.223445e-05 2.103991e-05 8.412820e-01
1.261437e+01 3.011618e+01 2.469603e+00 1.261437e+01 3.011618e+01 2.469603e+00 2.362881e-04 -3.747195e-05 5.018966e-06 2.527088e+00
1.556323e+01 2.931806e+01 2.774145e+00 1.556323e+01 2.931806e+01 2.774145e+00 2.356843e-04 -1.822248e-05 1.795523e-05 9.379743e-01
1.381119e+01 2.870261e+01 2.498379e+00 1.381119e+01 2.870261e+01 2.498379e+00 2.448734e-04 -2.954393e-05 1.382812e-06 1.957753e+00
1.437565e+01 3.269497e+01 2.720942e+00 1.437565e+01 3.269497e+01 2.720942e+00 2.251231e-04 -2.500131e-05 2.192257e-05 1.113724e+00
1.268927e+01 3.198471e+01 2.484777e+00 1.268927e+01 3.198471e+01 2.484777e+00 2.327409e-04 -3.549312e-05 1.932950e-05 2.092022e+00
1.267458e+01 3.554734e+01 3.473526e+00 1.267458e+01 3.554734e+01 3.473526e+00 1.992794e-04 -4.636656e-05 4.937782e-05 4.317199e-01
1.271948e+01 3.383086e+01 2.735883e+00 1.271948e+01 3.383086e+01 2.735883e+00 2.195923e-04 -3.896266e-05 3.360199e-05 1.131601e+00
1.568010e+01 3.480579e+01 4.756018e+00 1.568010e+01 3.480579e+01 4.756018e+00 1.437979e-04 -4.380233e-05 9.662722e-05 3.601501e-01
1.407104e+01 3.608839e+01 4.646222e+00 1.407104e+01 3.608839e+01 4.646222e+00 1.708061e-04 -4.322082e-05 6.826720e-05 4.357317e-01
1.588958e+01 2.612479e+01 3.902596e+00 1.588958e+01 2.612479e+01 3.902596e+00 1.930636e-04 6.077584e-06 1.093668e-04 2.890808e-01
1.503719e+01 2.741359e+01 2.877022e+00 1.503719e+01 2.741359e+01 2.877022e+00 2.323883e-04 -2.214134e-05 4.225136e-05 8.436285e-01
1.582681e+01 3.507142e+01 7.692907e+00 1.582681e+01 3.507142e+01 7.692907e+00 1.186135e-04 -1.094977e-05 7.885204e-05 4.136121e-01
1.516126e+01 3.595171e+01 6.184929e+00 1.516126e+01 3.595171e+01 6.184929e+00 1.237098e-04 -3.804095e-05 8.252245e-05 5.437840e-01
1.077618e+01 2.867696e+01 1.086366e+01 1.077618e+01 2.867696e+01 1.086366e+01 1.506779e-04 2.195907e-05 1.185527e-05 1.357725e+01
7.607704e+00 2.346881e+01 5.301756e+00 7.607704e+00 2.346881e+01 5.301756e+00 2.203970e-04 -3.530484e-06 8.100376e-05 7.517741e-01
1.079998e+01 2.267738e+01 6.740731e+00 1.079998e+01 2.267738e+01 6.740731e+00 1.981623e-04 6.429070e-06 1.150176e-04 8.114483e-01
9.676568e+00 2.294837e+01 5.232875e+00 9.676568e+00 2.294837e+01 5.232875e+00 2.154879e-04 7.360689e-08 1.001699e-04 7.052838e-01
1.413144e+01 2.348305e+01 5.290740e+00 1.413144e+01 2.348305e+01 5.290740e+00 1.735726e-04 2.503060e-05 1.244644e-04 6.881645e-01
1.193934e+01 2.292364e+01 5.249609e+00 1.193934e+01 2.292364e+01 5.249609e+00 1.993769e-04 7.549084e-06 1.157959e-04 7.009279e-01
1.094630e+01 3.470159e+01 2.872861e+00 1.094630e+01 3.470159e+01 2.872861e+00 2.186135e-04 -5.311495e-05 3.767003e-05 8.583354e-01
7.852730e+00 2.558575e+01 3.102287e+00 7.852730e+00 2.558575e+01 3.102287e+00 2.325354e-04 -2.454241e-05 6.242421e-05 7.185168e-01
1.091753e+01 2.664935e+01 2.544591e+00 1.091753e+01 2.664935e+01 2.544591e+00 2.337130e-04 -4.067920e-05 1.680011e-05 1.809708e+00
9.833303e+00 2.517891e+01 2.957452e+00 9.833303e+00 2.517891e+01 2.957452e+00 2.258901e-04 -2.875644e-05 5.697694e-05 8.746031e-01
1.419150e+01 2.577767e+01 3.089247e+00 1.419150e+01 2.577767e+01 3.089247e+00 2.254792e-04 -1.617243e-05 7.023373e-05 5.467001e-01
1.184481e+01 2.510219e+01 2.960144e+00 1.184481e+01 2.510219e+01 2.960144e+00 2.157278e-04 -3.607142e-05 5.584873e-05 8.287522e-01
7.845209e+00 3.435943e+01 9.726857e+00 7.845209e+00 3.435943e+01 9.726857e+00 1.404459e-04 2.143075e-05 4.438774e-05 2.008897e+00
1.079414e+01 3.330935e+01 1.061916e+01 1.079414e+01 3.330935e+01 1.061916e+01 1.430306e-04 2.210835e-05 5.319021e-05 7.471259e+00
9.799986e+00 3.474261e+01 9.969746e+00 9.799986e+00 3.474261e+01 9.969746e+00 1.439672e-04 2.329177e-05 6.665462e-05 2.857807e+00
1.378181e+01 3.438244e+01 9.905831e+00 1.378181e+01 3.438244e+01 9.905831e+00 1.630789e-04 3.437504e-05 1.340458e-04 1.958195e+00
1.182349e+01 3.475743e+01 1.003124e+01 1.182349e+01 3.475743e+01 1.003124e+01 1.524978e-04 2.838106e-05 1.014231e-04 2.789713e+00
7.743571e+00 3.646964e+01 7.449872e+00 7.743571e+00 3.646964e+01 7.449872e+00 1.746323e-04 -6.483442e-06 3.011685e-05 7.525197e-01
1.092673e+01 3.734834e+01 6.079420e+00 1.092673e+01 3.734834e+01 6.079420e+00 1.849561e-04 -3.589664e-05 5.568864e-05 8.478737e-01
9.802991e+00 3.697415e+01 7.583571e+00 9.802991e+00 3.697415e+01 7.583571e+00 1.727740e-04 -8.320482e-06 5.439272e-05 7.350300e-01
1.403520e+01 3.652408e+01 7.601114e+00 1.403520e+01 3.652408e+01 7.601114e+00 1.518312e-04 -7.672565e-06 9.308617e-05 6.561683e-01
1.197459e+01 3.700292e+01 7.632649e+00 1.197459e+01 3.700292e+01 7.632649e+00 1.655362e-04 -6.529714e-06 7.746171e-05 7.508859e-01
1.287768e+01 2.388824e+01 3.929263e+00 1.287768e+01 2.388824e+01 3.929263e+00 1.939783e-04 -1.205666e-05 9.843580e-05 5.117867e-01
1.282997e+01 3.596817e+01 9.007469e+00 1.282997e+01 3.596817e+01 9.007469e+00 1.571916e-04 2.319025e-05 1.101013e-04 7.933280e-01
4.241747e+00 2.868566e+01 8.388271e+00 4.241747e+00 2.868566e+01 8.388271e+00 1.608277e-04 -8.771125e-06 2.822881e-05 6.911275e-01
5.276262e+00 2.749485e+01 9.095923e+00 5.276262e+00 2.749485e+01 9.095923e+00 1.568504e-04 -6.439153e-06 3.970677e-05 9.776948e-01
5.365029e+00 2.847092e+01 9.457131e+00 5.365029e+00 2.847092e+01 9.457131e+00 1.504074e-04 -3.845735e-06 3.524743e-05 1.414961e+00
4.623980e+00 2.749989e+01 8.434518e+00 4.623980e+00 2.749989e+01 8.434518e+00 1.628449e-04 -1.103112e-05 3.549515e-05 7.069831e-01
4.743893e+00 2.913347e+01 9.034625e+00 4.743893e+00 2.913347e+01 9.034625e+00 1.545278e-04 -7.050861e-06 2.965529e-05 9.210630e-01
1.737335e+01 2.872118e+01 8.576709e+00 1.737335e+01 2.872118e+01 8.576709e+00 1.536212e-04 2.566657e-05 1.663745e-04 6.401195e-01
1.632471e+01 2.747808e+01 9.207840e+00 1.632471e+01 2.747808e+01 9.207840e+00 1.725977e-04 1.504114e-05 1.747551e-04 9.388743e-01
1.625355e+01 2.843629e+01 9.613339e+00 1.625355e+01 2.843629e+01 9.613339e+00 1.801531e-04 1.260597e-05 1.878060e-04 1.309453e+00
1.695884e+01 2.751416e+01 8.508803e+00 1.695884e+01 2.751416e+01 8.508803e+00 1.485441e-04 2.662475e-05 1.599541e-04 6.779841e-01
1.687481e+01 2.911360e+01 9.241530e+00 1.687481e+01 2.911360e+01 9.241530e+00 1.781072e-04 1.630089e-05 1.860543e-04 8.601794e-01
5.456977e+00 3.157017e+01 3.307157e+00 5.456977e+00 3.157017e+01 3.307157e+00 2.453567e-04 -4.614167e-05 2.981442e-05 6.199715e-01
5.353640e+00 3.255271e+01 3.641475e+00 5.353640e+00 3.255271e+01 3.641475e+00 2.442192e-04 -4.573670e-05 2.580666e-05 5.858075e-01
4.791950e+00 3.091825e+01 3.687794e+00 4.791950e+00 3.091825e+01 3.687794e+00 2.431584e-04 -4.115607e-05 2.905700e-05 5.670844e-01
4.665996e+00 3.256088e+01 4.262199e+00 4.665996e+00 3.256088e+01 4.262199e+00 2.382991e-04 -4.214727e-05 1.924815e-05 6.516342e-01
1.650314e+01 3.162518e+01 3.316625e+00 1.650314e+01 3.162518e+01 3.316625e+00 2.050032e-04 -1.516752e-05 4.432313e-05 3.802402e-01
1.653462e+01 3.259133e+01 3.730337e+00 1.653462e+01 3.259133e+01 3.730337e+00 1.843107e-04 -1.333580e-05 7.091647e-05 2.742380e-01
1.712627e+01 3.094744e+01 3.711075e+00 1.712627e+01 3.094744e+01 3.711075e+00 1.955432e-04 -1.371973e-05 6.374744e-05 2.445448e-01
1.709973e+01 3.254457e+01 4.455405e+00 1.709973e+01 3.254457e+01 4.455405e+00 1.508312e-04 -3.324248e-05 9.032959e-05 2.149210e-01
1.077928e+01 2.457019e+01 9.586558e+00 1.077928e+01 2.457019e+01 9.586558e+00 1.643352e-04 4.307090e-07 1.178500e-04 1.536446e+00
1.017652e+01 2.351053e+01 8.599369e+00 1.017652e+01 2.351053e+01 8.599369e+00 1.776660e-04 -2.383968e-06 1.128246e-04 6.546826e-01
1.144123e+01 2.350856e+01 8.601129e+00 1.144123e+01 2.350856e+01 8.601129e+00 1.768108e-04 1.885429e-06 1.293359e-04 6.264032e-01
1.100262e+01 3.039374e+01 2.503113e+00 1.100262e+01 3.039374e+01 2.503113e+00 2.398083e-04 -4.896044e-05 -3.982418e-06 2.694517e+00
1.048615e+01 2.890027e+01 2.495071e+00 1.048615e+01 2.890027e+01 2.495071e+00 2.379468e-04 -4.571699e-05 -6.027011e-06 2.629914e+00
1.151148e+01 2.886723e+01 2.494566e+00 1.151148e+01 2.886723e+01 2.494566e+00 2.426505e-04 -4.915280e-05 -5.158735e-06 2.640100e+00
1.029198e+01 3.105601e+01 1.089095e+01 1.029198e+01 3.105601e+01 1.089095e+01 1.467526e-04 1.896782e-05 -3.255749e-06 1.453371e+01
1.128193e+01 3.105580e+01 1.089617e+01 1.128193e+01 3.105580e+01 1.089617e+01 1.475459e-04 2.142840e-05 3.802776e-06 1.436939e+01
1.032522e+01 3.658377e+01 4.171735e+00 1.032522e+01 3.658377e+01 4.171735e+00 2.039402e-04 -5.877130e-05 4.640900e-05 5.058086e-01
1.158340e+01 3.658918e+01 4.174786e+00 1.158340e+01 3.658918e+01 4.174786e+00 1.940139e-04 -5.535035e-05 5.033418e-05 4.646645e-01
7.815742e+00 2.425026e+01 3.999648e+00 7.815742e+00 2.425026e+01 3.999648e+00 2.305149e-04 -1.060161e-05 7.853033e-05 5.384086e-01
7.908747e+00 3.567084e+01 8.754398e+00 7.908747e+00 3.567084e+01 8.754398e+00 1.496847e-04 1.258698e-05 4.122095e-05 7.417648e-01
3.553225e+00 3.047302e+01 5.585506e+00 3.553225e+00 3.047302e+01 5.585506e+00 2.130466e-04 -2.189392e-05 1.498985e-05 8.293875e-01
3.610067e+00 3.066866e+01 7.069188e+00 3.610067e+00 3.066866e+01 7.069188e+00 1.835420e-04 -1.268264e-05 1.437199e-05 7.926376e-01
3.571692e+00 3.114881e+01 6.285228e+00 3.571692e+00 3.114881e+01 6.285228e+00 1.992306e-04 -1.895991e-05 1.125544e-05 8.600607e-01
3.559407e+00 2.891504e+01 6.390092e+00 3.559407e+00 2.891504e+01 6.390092e+00 1.955959e-04 -1.432780e-05 2.244737e-05 8.352414e-01
3.595602e+00 2.939326e+01 5.606917e+00 3.595602e+00 2.939326e+01 5.606917e+00 2.111457e-04 -1.930612e-05 2.181717e-05 7.969272e-01
8.200006e+00 2.499671e+01 9.366914e+00 8.200006e+00 2.499671e+01 9.366914e+00 1.661257e-04 -4.885444e-07 8.013206e-05 1.331583e+00
6.620716e+00 2.531910e+01 8.774712e+00 6.620716e+00 2.531910e+01 8.774712e+00 1.703473e-04 -5.095278e-06 6.333112e-05 8.279655e-01
7.447283e+00 2.473087e+01 8.803362e+00 7.447283e+00 2.473087e+01 8.803362e+00 1.727108e-04 -3.824355e-06 7.489179e-05 8.208873e-01
7.363250e+00 2.640965e+01 9.825068e+00 7.363250e+00 2.640965e+01 9.825068e+00 1.575932e-04 3.274428e-06 5.698451e-05 2.475730e+00
8.166438e+00 2.583801e+01 9.841669e+00 8.166438e+00 2.583801e+01 9.841669e+00 1.599573e-04 3.874692e-06 6.921444e-05 2.516295e+00
8.359653e+00 2.956786e+01 1.075040e+01 8.359653e+00 2.956786e+01 1.075040e+01 1.499628e-04 1.488918e-05 8.677377e-06 1.039518e+01
8.270329e+00 2.860634e+01 1.065962e+01 8.270329e+00 2.860634e+01 1.065962e+01 1.510269e-04 1.439750e-05 2.008427e-05 8.788574e+00
6.904071e+00 3.000505e+01 1.038052e+01 6.904071e+00 3.000505e+01 1.038052e+01 1.473445e-04 8.874477e-06 2.268079e-05 5.503800e+00
7.726350e+00 3.028034e+01 1.062668e+01 7.726350e+00 3.028034e+01 1.062668e+01 1.477370e-04 1.245493e-05 1.410977e-05 8.269740e+00
5.167829e+00 2.527929e+01 5.887671e+00 5.167829e+00 2.527929e+01 5.887671e+00 2.131057e-04 -1.061945e-05 5.290891e-05 8.142827e-01
4.580649e+00 2.621156e+01 5.796869e+00 4.580649e+00 2.621156e+01 5.796869e+00 2.106812e-04 -1.300083e-05 4.497858e-05 7.839052e-01
5.576031e+00 2.483039e+01 6.632519e+00 5.576031e+00 2.483039e+01 6.632519e+00 2.028036e-04 -9.870419e-06 5.648519e-05 8.366166e-01
5.583732e+00 3.296162e+01 9.033411e+00 5.583732e+00 3.296162e+01 9.033411e+00 1.511929e-04 5.732091e-06 2.446455e-05 1.003193e+00
6.035298e+00 3.233908e+01 9.604662e+00 6.035298e+00 3.233908e+01 9.604662e+00 1.462765e-04 8.955560e-06 2.780152e-05 1.916020e+00
4.861656e+00 3.263694e+01 8.435067e+00 4.861656e+00 3.263694e+01 8.435067e+00 1.595469e-04 -1.962079e-06 1.903276e-05 7.121780e-01
1.817307e+01 3.046551e+01 5.760010e+00 1.817307e+01 3.046551e+01 5.760010e+00 1.233673e-04 2.713315e-07 1.231430e-04 3.457477e-01
1.807870e+01 2.901111e+01 6.571815e+00 1.807870e+01 2.901111e+01 6.571815e+00 1.091957e-04 3.744284e-05 1.352705e-04 3.102474e-01
1.813772e+01 2.943551e+01 5.765320e+00 1.813772e+01 2.943551e+01 5.765320e+00 1.239206e-04 1.635903e-05 1.242942e-04 3.127348e-01
1.803816e+01 3.064778e+01 7.298099e+00 1.803816e+01 3.064778e+01 7.298099e+00 1.280096e-04 7.399376e-06 1.487839e-04 4.264014e-01
1.805453e+01 3.106742e+01 6.490660e+00 1.805453e+01 3.106742e+01 6.490660e+00 1.179913e-04 -1.115047e-05 1.367408e-04 3.881689e-01
1.335103e+01 2.499146e+01 9.439547e+00 1.335103e+01 2.499146e+01 9.439547e+00 1.670445e-04 9.538270e-06 1.520059e-04 1.251288e+00
1.418683e+01 2.640225e+01 9.924351e+00 1.418683e+01 2.640225e+01 9.924351e+00 1.705701e-04 1.227144e-05 1.631969e-04 2.310720e+00
1.337521e+01 2.583240e+01 9.918365e+00 1.337521e+01 2.583240e+01 9.918365e+00 1.662646e-04 1.099588e-05 1.510431e-04 2.375112e+00
1.491046e+01 2.531879e+01 8.880380e+00 1.491046e+01 2.531879e+01 8.880380e+00 1.673664e-04 1.960820e-05 1.588406e-04 8.502932e-01
1.409911e+01 2.472332e+01 8.893026e+00 1.409911e+01 2.472332e+01 8.893026e+00 1.693940e-04 1.559326e-05 1.560982e-04 7.724068e-01
1.321709e+01 2.956182e+01 1.079992e+01 1.321709e+01 2.956182e+01 1.079992e+01 1.545297e-04 2.276186e-05 7.521201e-05 9.610160e+00
1.468409e+01 2.999439e+01 1.050780e+01 1.468409e+01 2.999439e+01 1.050780e+01 1.648649e-04 2.016905e-05 1.475175e-04 4.880654e+00
1.385392e+01 3.027721e+01 1.071115e+01 1.385392e+01 3.027721e+01 1.071115e+01 1.572525e-04 2.322685e-05 1.049467e-04 7.480537e+00
1.329798e+01 2.859845e+01 1.071596e+01 1.329798e+01 2.859845e+01 1.071596e+01 1.569560e-04 2.091286e-05 9.680670e-05 8.110623e+00
1.616711e+01 2.529489e+01 5.950725e+00 1.616711e+01 2.529489e+01 5.950725e+00 1.167523e-04 6.526076e-05 1.262876e-04 4.359525e-01
1.582720e+01 2.484097e+01 6.723323e+00 1.582720e+01 2.484097e+01 6.723323e+00 1.175698e-04 5.143735e-05 1.279126e-04 5.128107e-01
1.676806e+01 2.640596e+01 5.936903e+00 1.676806e+01 2.640596e+01 5.936903e+00 1.103213e-04 5.877719e-05 1.296294e-04 3.975738e-01
1.605556e+01 3.298009e+01 9.213385e+00 1.605556e+01 3.298009e+01 9.213385e+00 1.639754e-04 1.779593e-05 1.529406e-04 1.026387e+00
1.674602e+01 3.260879e+01 8.616429e+00 1.674602e+01 3.260879e+01 8.616429e+00 1.491731e-04 1.271103e-06 1.509779e-04 7.504823e-01
1.559158e+01 3.235632e+01 9.791596e+00 1.559158e+01 3.235632e+01 9.791596e+00 1.670904e-04 2.515107e-05 1.606643e-04 1.761846e+00
8.582252e+00 3.040100e+01 2.485195e+00 8.582252e+00 3.040100e+01 2.485195e+00 2.400919e-04 -4.643478e-05 -1.269538e-06 2.184551e+00
7.653141e+00 3.168155e+01 2.610230e+00 7.653141e+00 3.168155e+01 2.610230e+00 2.409675e-04 -4.919208e-05 1.539743e-05 1.490920e+00
8.487891e+00 3.136243e+01 2.513631e+00 8.487891e+00 3.136243e+01 2.513631e+00 2.396795e-04 -4.863224e-05 1.121651e-06 1.965595e+00
7.069266e+00 2.999435e+01 2.631401e+00 7.069266e+00 2.999435e+01 2.631401e+00 2.410137e-04 -4.411983e-05 2.413250e-05 1.418138e+00
7.914458e+00 2.970690e+01 2.520347e+00 7.914458e+00 2.970690e+01 2.520347e+00 2.394009e-04 -4.402589e-05 1.264442e-05 1.893643e+00
8.345506e+00 3.505656e+01 3.456945e+00 8.345506e+00 3.505656e+01 3.456945e+00 2.221780e-04 -5.810171e-05 3.621439e-05 5.833702e-01
6.730141e+00 3.473568e+01 3.997369e+00 6.730141e+00 3.473568e+01 3.997369e+00 2.305956e-04 -5.296410e-05 3.092918e-05 5.776743e-01
7.573928e+00 3.533179e+01 3.983531e+00 7.573928e+00 3.533179e+01 3.983531e+00 2.234619e-04 -5.607232e-05 3.556310e-05 5.575418e-01
8.328143e+00 3.418603e+01 3.048063e+00 8.328143e+00 3.418603e+01 3.048063e+00 2.302917e-04 -5.629675e-05 3.143969e-05 8.172256e-01
5.567377e+00 2.703155e+01 3.721085e+00 5.567377e+00 2.703155e+01 3.721085e+00 2.332680e-04 -2.149867e-05 5.116873e-05 5.400714e-01
6.073330e+00 2.765976e+01 3.214364e+00 6.073330e+00 2.765976e+01 3.214364e+00 2.368722e-04 -2.910613e-05 4.697002e-05 7.040568e-01
5.252298e+00 3.471813e+01 6.831223e+00 5.252298e+00 3.471813e+01 6.831223e+00 1.845450e-04 -2.017926e-05 1.031495e-05 8.247527e-01
5.664184e+00 3.518207e+01 6.098502e+00 5.664184e+00 3.518207e+01 6.098502e+00 1.996931e-04 -3.042364e-05 1.434214e-05 8.468129e-01
1.342801e+01 3.041372e+01 2.450029e+00 1.342801e+01 3.041372e+01 2.450029e+00 2.350477e-04 -3.299792e-05 -2.647697e-07 2.251420e+00
1.491862e+01 3.001223e+01 2.565982e+00 1.491862e+01 3.001223e+01 2.565982e+00 2.369214e-04 -2.137317e-05 -9.092159e-07 1.452257e+00
1.407457e+01 2.970670e+01 2.476590e+00 1.407457e+01 2.970670e+01 2.476590e+00 2.391489e-04 -2.721218e-05 -6.037832e-06 1.967873e+00
1.433042e+01 3.171462e+01 2.549399e+00 1.433042e+01 3.171462e+01 2.549399e+00 2.295059e-04 -2.412324e-05 5.123762e-06 1.542691e+00
1.349993e+01 3.138076e+01 2.467569e+00 1.349993e+01 3.138076e+01 2.467569e+00 2.318180e-04 -3.088767e-05 6.796651e-06 2.041693e+00
1.352814e+01 3.508318e+01 3.434197e+00 1.352814e+01 3.508318e+01 3.434197e+00 1.991740e-04 -3.971089e-05 5.146753e-05 4.419295e-01
1.356596e+01 3.421188e+01 3.010406e+00 1.356596e+01 3.421188e+01 3.010406e+00 2.122833e-04 -3.546967e-05 4.128045e-05 7.213368e-01
1.507401e+01 3.476273e+01 4.029458e+00 1.507401e+01 3.476273e+01 4.029458e+00 1.791623e-04 -3.559002e-05 7.567646e-05 3.465230e-01
1.426197e+01 3.536547e+01 3.985557e+00 1.426197e+01 3.536547e+01 3.985557e+00 1.843581e-04 -3.951018e-05 6.546933e-05 3.571836e-01
1.632749e+01 2.705959e+01 3.804096e+00 1.632749e+01 2.705959e+01 3.804096e+00 1.969226e-04 6.225654e-06 9.160823e-05 2.588144e-01
1.589927e+01 2.769315e+01 3.221716e+00 1.589927e+01 2.769315e+01 3.221716e+00 2.204354e-04 -1.121059e-05 5.850886e-05 4.740691e-01
1.615653e+01 3.471777e+01 6.987200e+00 1.615653e+01 3.471777e+01 6.987200e+00 1.070769e-04 -6.838273e-05 1.009345e-04 2.828127e-01
1.582796e+01 3.519836e+01 6.239672e+00 1.582796e+01 3.519836e+01 6.239672e+00 9.426203e-05 -5.172766e-05 1.123537e-04 2.930205e-01
1.076994e+01 2.781403e+01 1.077817e+01 1.076994e+01 2.781403e+01 1.077817e+01 1.517439e-04 2.055804e-05 3.754335e-05 1.082838e+01
8.013641e+00 2.314851e+01 6.001626e+00 8.013641e+00 2.314851e+01 6.001626e+00 2.132746e-04 -4.715268e-07 8.620783e-05 8.299624e-01
9.597167e+00 2.276059e+01 6.740938e+00 9.597167e+00 2.276059e+01 6.740938e+00 2.009364e-04 2.410101e-06 1.035623e-04 8.146120e-01
9.070752e+00 2.285448e+01 5.990767e+00 9.070752e+00 2.285448e+01 5.990767e+00 2.109322e-04 1.795396e-06 9.693026e-05 8.099201e-01
1.369974e+01 2.316079e+01 6.001215e+00 1.369974e+01 2.316079e+01 6.001215e+00 1.818684e-04 2.865606e-05 1.320218e-04 7.569140e-01
1.257102e+01 2.284599e+01 5.993450e+00 1.257102e+01 2.284599e+01 5.993450e+00 1.926768e-04 1.780741e-05 1.251878e-04 7.936939e-01
1.095445e+01 3.386147e+01 2.645328e+00 1.095445e+01 3.386147e+01 2.645328e+00 2.247719e-04 -5.008749e-05 2.808957e-05 1.333306e+00
8.362356e+00 2.620589e+01 2.776337e+00 8.362356e+00 2.620589e+01 2.776337e+00 2.316043e-04 -3.160945e-05 4.820485e-05 1.088994e+00
9.893945e+00 2.671310e+01 2.551141e+00 9.893945e+00 2.671310e+01 2.551141e+00 2.307426e-04 -3.890272e-05 2.203425e-05 1.746365e+00
9.357976e+00 2.600636e+01 2.709411e+00 9.357976e+00 2.600636e+01 2.709411e+00 2.293494e-04 -3.366124e-05 4.195493e-05 1.242892e+00
1.337198e+01 2.596150e+01 2.816858e+00 1.337198e+01 2.596150e+01 2.816858e+00 2.234345e-04 -4.708720e-05 5.330563e-05 1.040145e+00
1.236269e+01 2.589833e+01 2.710558e+00 1.236269e+01 2.589833e+01 2.710558e+00 2.183091e-04 -4.497172e-05 3.781941e-05 1.224362e+00
8.300916e+00 3.375836e+01 1.015595e+01 8.300916e+00 3.375836e+01 1.015595e+01 1.403596e-04 2.129705e-05 4.371344e-05 3.765863e+00
9.777824e+00 3.325991e+01 1.057679e+01 9.777824e+00 3.325991e+01 1.057679e+01 1.412369e-04 2.055082e-05 4.186413e-05 7.206325e+00
9.283573e+00 3.395131e+01 1.028310e+01 9.283573e+00 3.395131e+01 1.028310e+01 1.407612e-04 2.226312e-05 5.183493e-05 4.540377e+00
1.330622e+01 3.377069e+01 1.029114e+01 1.330622e+01 3.377069e+01 1.029114e+01 1.575464e-04 3.312979e-05 1.223149e-04 3.617848e+00
1.231998e+01 3.396340e+01 1.036461e+01 1.231998e+01 3.396340e+01 1.036461e+01 1.511280e-04 2.946507e-05 1.014025e-04 4.396851e+00
8.161483e+00 3.682050e+01 6.771606e+00 8.161483e+00 3.682050e+01 6.771606e+00 1.877808e-04 -2.078802e-05 3.187604e-05 8.351951e-01
9.746891e+00 3.725829e+01 6.062956e+00 9.746891e+00 3.725829e+01 6.062956e+00 1.916887e-04 -3.657064e-05 4.540798e-05 8.449580e-01
9.222443e+00 3.711399e+01 6.810274e+00 9.222443e+00 3.711399e+01 6.810274e+00 1.855955e-04 -2.255079e-05 4.329299e-05 8.282221e-01
1.366447e+01 3.686154e+01 6.877906e+00 1.366447e+01 3.686154e+01 6.877906e+00 1.615653e-04 -2.419233e-05 7.949962e-05 7.617313e-01
1.259959e+01 3.714721e+01 6.875636e+00 1.259959e+01 3.714721e+01 6.875636e+00 1.673908e-04 -2.180271e-05 7.410944e-05 8.282917e-01
1.185692e+01 2.375789e+01 3.894412e+00 1.185692e+01 2.375789e+01 3.894412e+00 2.035106e-04 -1.543406e-05 9.248291e-05 4.951005e-01
1.185200e+01 3.608827e+01 9.018474e+00 1.185200e+01 3.608827e+01 9.018474e+00 1.569192e-04 2.018292e-05 9.659714e-05 8.571870e-01
3.556275e+00 2.959348e+01 7.086738e+00 3.556275e+00 2.959348e+01 7.086738e+00 1.820986e-04 -1.121462e-05 1.839891e-05 8.023495e-01
4.222734e+00 2.966870e+01 8.481410e+00 4.222734e+00 2.966870e+01 8.481410e+00 1.597021e-04 -7.625731e-06 2.514065e-05 6.902671e-01
3.834816e+00 3.017797e+01 7.816325e+00 3.834816e+00 3.017797e+01 7.816325e+00 1.706484e-04 -9.173638e-06 1.917572e-05 6.956203e-01
4.089355e+00 2.795565e+01 7.846020e+00 4.089355e+00 2.795565e+01 7.846020e+00 1.719355e-04 -1.095250e-05 3.002305e-05 7.041772e-01
3.726228e+00 2.843287e+01 7.152717e+00 3.726228e+00 2.843287e+01 7.152717e+00 1.820914e-04 -1.180635e-05 2.554397e-05 7.861268e-01
6.593114e+00 2.613635e+01 9.323927e+00 6.593114e+00 2.613635e+01 9.323927e+00 1.612010e-04 -1.911640e-06 5.657165e-05 1.310079e+00
5.183970e+00 2.670591e+01 8.605407e+00 5.183970e+00 2.670591e+01 8.605407e+00 1.648854e-04 -9.212512e-06 4.380469e-05 7.369022e-01
5.858767e+00 2.597848e+01 8.713361e+00 5.858767e+00 2.597848e+01 8.713361e+00 1.681596e-04 -6.658429e-06 5.267271e-05 7.914358e-01
5.943704e+00 2.772933e+01 9.652004e+00 5.943704e+00 2.772933e+01 9.652004e+00 1.522764e-04 -1.389639e-06 4.090492e-05 1.835247e+00
6.615614e+00 2.704027e+01 9.766766e+00 6.615614e+00 2.704027e+01 9.766766e+00 1.549486e-04 1.345898e-06 4.784331e-05 2.222469e+00
6.774455e+00 2.901200e+01 1.029711e+01 6.774455e+00 2.901200e+01 1.029711e+01 1.483212e-04 7.238285e-06 2.879067e-05 4.726262e+00
6.674819e+00 2.801066e+01 1.009280e+01 6.674819e+00 2.801066e+01 1.009280e+01 1.511223e-04 4.802339e-06 3.768417e-05 3.471374e+00
5.388727e+00 2.943736e+01 9.590564e+00 5.388727e+00 2.943736e+01 9.590564e+00 1.486160e-04 -1.520465e-06 3.109293e-05 1.712398e+00
6.118164e+00 2.972466e+01 1.003763e+01 6.118164e+00 2.972466e+01 1.003763e+01 1.483315e-04 4.230639e-06 2.779903e-05 3.241001e+00
4.636384e+00 2.622213e+01 7.258339e+00 4.636384e+00 2.622213e+01 7.258339e+00 1.867349e-04 -1.343440e-05 4.166852e-05 7.892296e-01
4.093875e+00 2.728465e+01 7.211947e+00 4.093875e+00 2.728465e+01 7.211947e+00 1.844425e-04 -1.280036e-05 3.354557e-05 7.812078e-01
5.189105e+00 2.599205e+01 8.012748e+00 5.189105e+00 2.599205e+01 8.012748e+00 1.775054e-04 -1.040263e-05 4.691508e-05 7.075474e-01
4.981093e+00 3.106062e+01 9.122423e+00 4.981093e+00 3.106062e+01 9.122423e+00 1.537570e-04 -1.477108e-06 2.414371e-05 1.093149e+00
5.513885e+00 3.041409e+01 9.644010e+00 5.513885e+00 3.041409e+01 9.644010e+00 1.478794e-04 1.401064e-06 2.786624e-05 1.938827e+00
4.331686e+00 3.066648e+01 8.506483e+00 4.331686e+00 3.066648e+01 8.506483e+00 1.593200e-04 -5.911317e-06 2.235199e-05 7.133786e-01
1.810081e+01 2.962580e+01 7.297744e+00 1.810081e+01 2.962580e+01 7.297744e+00 1.211994e-04 2.432478e-05 1.459480e-04 3.959970e-01
1.746855e+01 2.805258e+01 7.975610e+00 1.746855e+01 2.805258e+01 7.975610e+00 1.198486e-04 3.869827e-05 1.528458e-04 4.659469e-01
1.784148e+01 2.857555e+01 7.334070e+00 1.784148e+01 2.857555e+01 7.334070e+00 1.043090e-04 4.167669e-05 1.406641e-04 3.661200e-01
1.740849e+01 2.968035e+01 8.723119e+00 1.740849e+01 2.968035e+01 8.723119e+00 1.618666e-04 1.910075e-05 1.717063e-04 5.925041e-01
1.781359e+01 3.018696e+01 8.060585e+00 1.781359e+01 3.018696e+01 8.060585e+00 1.452119e-04 1.811180e-05 1.611501e-04 4.752232e-01
1.495701e+01 2.613336e+01 9.435288e+00 1.495701e+01 2.613336e+01 9.435288e+00 1.719792e-04 1.368558e-05 1.672442e-04 1.277400e+00
1.565584e+01 2.770095e+01 9.780053e+00 1.565584e+01 2.770095e+01 9.780053e+00 1.797785e-04 1.171085e-05 1.840289e-04 1.667529e+00
1.495396e+01 2.702649e+01 9.883090e+00 1.495396e+01 2.702649e+01 9.883090e+00 1.763264e-04 1.234902e-05 1.777400e-04 2.048082e+00
1.634607e+01 2.670427e+01 8.693695e+00 1.634607e+01 2.670427e+01 8.693695e+00 1.506864e-04 2.150619e-05 1.613696e-04 7.573426e-01
1.566456e+01 2.598346e+01 8.814908e+00 1.566456e+01 2.598346e+01 8.814908e+00 1.635589e-04 2.129545e-05 1.585028e-04 8.637843e-01
1.481970e+01 2.898840e+01 1.041885e+01 1.481970e+01 2.898840e+01 1.041885e+01 1.703215e-04 1.622610e-05 1.629298e-04 4.188414e+00
1.622233e+01 2.940899e+01 9.787395e+00 1.622233e+01 2.940899e+01 9.787395e+00 1.811480e-04 1.416983e-05 1.920523e-04 1.540781e+00
1.548107e+01 2.970370e+01 1.020510e+01 1.548107e+01 2.970370e+01 1.020510e+01 1.762206e-04 1.639616e-05 1.806038e-04 2.881755e+00
1.491308e+01 2.798543e+01 1.021026e+01 1.491308e+01 2.798543e+01 1.021026e+01 1.758446e-04 1.301293e-05 1.754001e-04 3.117998e+00
1.666511e+01 2.630187e+01 7.306059e+00 1.666511e+01 2.630187e+01 7.306059e+00 1.070318e-04 6.278634e-05 1.322865e-04 5.717440e-01
1.625496e+01 2.601361e+01 8.076550e+00 1.625496e+01 2.601361e+01 8.076550e+00 1.378791e-04 3.667191e-05 1.408415e-04 6.822891e-01
1.728830e+01 2.742560e+01 7.357542e+00 1.728830e+01 2.742560e+01 7.357542e+00 9.581368e-05 5.077109e-05 1.398823e-04 4.459055e-01
1.663918e+01 3.104955e+01 9.353118e+00 1.663918e+01 3.104955e+01 9.353118e+00 1.710779e-04 1.676508e-05 1.771305e-04 9.999668e-01
1.729914e+01 3.065668e+01 8.755317e+00 1.729914e+01 3.065668e+01 8.755317e+00 1.632637e-04 1.610089e-05 1.717473e-04 6.247862e-01
1.609631e+01 3.039887e+01 9.852119e+00 1.609631e+01 3.039887e+01 9.852119e+00 1.787417e-04 1.714036e-05 1.873273e-04 1.726136e+00
6.950163e+00 3.098734e+01 2.670451e+00 6.950163e+00 3.098734e+01 2.670451e+00 2.431771e-04 -4.669948e-05 2.418984e-05 1.266181e+00
6.064655e+00 3.230261e+01 3.153125e+00 6.064655e+00 3.230261e+01 3.153125e+00 2.454893e-04 -4.932415e-05 3.012465e-05 6.902201e-01
6.837679e+00 3.199814e+01 2.814133e+00 6.837679e+00 3.199814e+01 2.814133e+00 2.436015e-04 -4.958451e-05 2.651218e-05 1.019640e+00
5.476736e+00 3.059768e+01 3.196863e+00 5.476736e+00 3.059768e+01 3.196863e+00 2.443422e-04 -4.317598e-05 3.354217e-05 6.631707e-01
6.248009e+00 3.029104e+01 2.848810e+00 6.248009e+00 3.029104e+01 2.848810e+00 2.436536e-04 -4.357826e-05 3.256433e-05 9.648343e-01
6.713590e+00 3.390438e+01 3.476381e+00 6.713590e+00 3.390438e+01 3.476381e+00 2.372196e-04 -5.211547e-05 2.935121e-05 6.136016e-01
5.249459e+00 3.334918e+01 4.114241e+00 5.249459e+00 3.334918e+01 4.114241e+00 2.387233e-04 -4.559598e-05 2.244566e-05 6.148513e-01
5.947158e+00 3.407377e+01 4.033981e+00 5.947158e+00 3.407377e+01 4.033981e+00 2.369163e-04 -5.002347e-05 2.746101e-05 5.946289e-01
6.757263e+00 3.298417e+01 3.080745e+00 6.757263e+00 3.298417e+01 3.080745e+00 2.422876e-04 -5.193180e-05 2.928518e-05 7.689201e-01
5.009538e+00 2.897102e+01 3.627603e+00 5.009538e+00 2.897102e+01 3.627603e+00 2.393067e-04 -3.264687e-05 3.927955e-05 5.628907e-01
5.591957e+00 2.961283e+01 3.165703e+00 5.591957e+00 2.961283e+01 3.165703e+00 2.422703e-04 -3.915846e-05 3.691268e-05 7.054792e-01
4.236189e+00 3.039015e+01 4.211954e+00 4.236189e+00 3.039015e+01 4.211954e+00 2.368220e-04 -3.419315e-05 2.648971e-05 5.991343e-01
4.335134e+00 2.938166e+01 4.197019e+00 4.335134e+00 2.938166e+01 4.197019e+00 2.341349e-04 -3.026909e-05 3.240227e-05 5.741296e-01
4.686668e+00 3.382748e+01 5.443373e+00 4.686668e+00 3.382748e+01 5.443373e+00 2.159394e-04 -3.617886e-05 1.055528e-05 8.243360e-01
4.109089e+00 3.211171e+01 4.834093e+00 4.109089e+00 3.211171e+01 4.834093e+00 2.303922e-04 -3.511045e-05 1.494436e-05 7.456535e-01
4.123144e+00 3.277656e+01 5.473775e+00 4.123144e+00 3.277656e+01 5.473775e+00 2.175810e-04 -3.166435e-05 1.000776e-05 8.364387e-01
5.252438e+00 3.406188e+01 4.703724e+00 5.252438e+00 3.406188e+01 4.703724e+00 2.284337e-04 -4.354303e-05 1.823560e-05 7.016946e-01
1.505077e+01 3.102963e+01 2.603986e+00 1.505077e+01 3.102963e+01 2.603986e+00 2.313229e-04 -2.270710e-05 1.546986e-06 1.268164e+00
1.648971e+01 3.064187e+01 3.156677e+00 1.648971e+01 3.064187e+01 3.156677e+00 2.188212e-04 -1.442770e-05 3.746745e-05 4.143971e-01
1.573611e+01 3.032673e+01 2.779406e+00 1.573611e+01 3.032673e+01 2.779406e+00 2.323475e-04 -1.853624e-05 1.422292e-05 8.529898e-01
1.588871e+01 3.235530e+01 3.148571e+00 1.588871e+01 3.235530e+01 3.148571e+00 2.129936e-04 -1.557268e-05 4.103243e-05 4.908312e-01
1.513892e+01 3.204592e+01 2.761275e+00 1.513892e+01 3.204592e+01 2.761275e+00 2.262692e-04 -2.118157e-05 1.723013e-05 9.336220e-01
1.515266e+01 3.393703e+01 3.484225e+00 1.515266e+01 3.393703e+01 3.484225e+00 1.964030e-04 -2.537716e-05 6.053621e-05 4.116481e-01
1.516954e+01 3.302432e+01 3.053677e+00 1.516954e+01 3.302432e+01 3.053677e+00 2.155249e-04 -2.055935e-05 3.931770e-05 6.166019e-01
1.649600e+01 3.336369e+01 4.263770e+00 1.649600e+01 3.336369e+01 4.263770e+00 1.583024e-04 -2.785584e-05 9.660228e-05 2.595151e-01
1.582758e+01 3.408980e+01 4.126079e+00 1.582758e+01 3.408980e+01 4.126079e+00 1.697960e-04 -3.092652e-05 8.744011e-05 3.269289e-01
1.692048e+01 2.900492e+01 3.633849e+00 1.692048e+01 2.900492e+01 3.633849e+00 2.062946e-04 -6.839174e-06 6.956305e-05 2.652572e-01
1.763690e+01 3.038619e+01 4.269402e+00 1.763690e+01 3.038619e+01 4.269402e+00 1.751258e-04 -7.699382e-06 9.054410e-05 2.384852e-01
1.754558e+01 2.940886e+01 4.252023e+00 1.754558e+01 2.940886e+01 4.252023e+00 1.784984e-04 -2.595057e-06 9.280292e-05 2.379949e-01
1.637270e+01 2.964395e+01 3.117068e+00 1.637270e+01 2.964395e+01 3.117068e+00 2.249330e-04 -1.348034e-05 3.909342e-05 4.679267e-01
1.670076e+01 3.368549e+01 5.684938e+00 1.670076e+01 3.368549e+01 5.684938e+00 1.027300e-04 -6.960079e-05 1.110957e-04 2.512051e-01
1.634887e+01 3.403447e+01 4.904074e+00 1.634887e+01 3.403447e+01 4.904074e+00 1.216482e-04 -4.181932e-05 1.095637e-04 2.689690e-01
1.755051e+01 3.199953e+01 5.017928e+00 1.755051e+01 3.199953e+01 5.017928e+00 1.314109e-04 -3.907424e-05 1.025201e-04 2.296270e-01
1.731214e+01 3.258784e+01 5.664082e+00 1.731214e+01 3.258784e+01 5.664082e+00 1.130363e-04 -5.584029e-05 1.138395e-04 2.335370e-01
1.076498e+01 2.611747e+01 1.037179e+01 1.076498e+01 2.611747e+01 1.037179e+01 1.559357e-04 1.086864e-05 9.096240e-05 5.101869e+00
1.166376e+01 2.490324e+01 9.762320e+00 1.166376e+01 2.490324e+01 9.762320e+00 1.635242e-04 4.536762e-06 1.291346e-04 1.922183e+00
1.166043e+01 2.570527e+01 1.017650e+01 1.166043e+01 2.570527e+01 1.017650e+01 1.594586e-04 9.138978e-06 1.174041e-04 3.619437e+00
9.886175e+00 2.490670e+01 9.739538e+00 9.886175e+00 2.490670e+01 9.739538e+00 1.628940e-04 1.422750e-06 1.016648e-04 1.971696e+00
9.873597e+00 2.570897e+01 1.015215e+01 9.873597e+00 2.570897e+01 1.015215e+01 1.584685e-04 6.924306e-06 8.824910e-05 3.707267e+00
8.989078e+00 2.303904e+01 7.434098e+00 8.989078e+00 2.303904e+01 7.434098e+00 1.939054e-04 -1.820223e-07 9.774769e-05 7.541332e-01
9.237732e+00 2.380830e+01 8.733672e+00 9.237732e+00 2.380830e+01 8.733672e+00 1.763476e-04 -3.128405e-06 1.006656e-04 7.003297e-01
8.578098e+00 2.354881e+01 8.143034e+00 8.578098e+00 2.354881e+01 8.143034e+00 1.836852e-04 -3.694361e-06 9.285268e-05 6.652851e-01
1.081076e+01 2.310318e+01 8.068129e+00 1.081076e+01 2.310318e+01 8.068129e+00 1.859706e-04 2.661289e-06 1.200605e-04 6.291421e-01
1.018450e+01 2.284780e+01 7.444429e+00 1.018450e+01 2.284780e+01 7.444429e+00 1.932274e-04 2.624752e-06 1.112201e-04 7.313097e-01
1.264245e+01 2.303534e+01 7.418449e+00 1.264245e+01 2.303534e+01 7.418449e+00 1.858385e-04 1.652734e-05 1.349825e-04 7.097341e-01
1.143093e+01 2.284587e+01 7.435427e+00 1.143093e+01 2.284587e+01 7.435427e+00 1.914098e-04 8.169546e-06 1.237291e-04 7.237444e-01
1.235731e+01 2.380272e+01 8.754645e+00 1.235731e+01 2.380272e+01 8.754645e+00 1.742476e-04 6.383474e-06 1.412410e-04 6.368709e-01
1.302026e+01 2.353920e+01 8.165983e+00 1.302026e+01 2.353920e+01 8.165983e+00 1.763704e-04 1.316180e-05 1.431189e-04 5.872992e-01
1.097667e+01 3.212238e+01 2.494675e+00 1.097667e+01 3.212238e+01 2.494675e+00 2.393382e-04 -4.846461e-05 8.546341e-06 2.240464e+00
1.016780e+01 3.072485e+01 2.497626e+00 1.016780e+01 3.072485e+01 2.497626e+00 2.402979e-04 -4.673329e-05 -1.272336e-05 2.583543e+00
1.013300e+01 3.162144e+01 2.497090e+00 1.013300e+01 3.162144e+01 2.497090e+00 2.406415e-04 -4.743290e-05 -7.102852e-06 2.350862e+00
1.183449e+01 3.071484e+01 2.488943e+00 1.183449e+01 3.071484e+01 2.488943e+00 2.387932e-04 -4.904621e-05 8.300618e-06 2.601695e+00
1.183881e+01 3.161722e+01 2.483484e+00 1.183881e+01 3.161722e+01 2.483484e+00 2.388177e-04 -4.738375e-05 1.480915e-05 2.376477e+00
9.423767e+00 2.754917e+01 2.498797e+00 9.423767e+00 2.754917e+01 2.498797e+00 2.328113e-04 -4.076419e-05 1.279150e-05 2.049563e+00
1.097081e+01 2.815159e+01 2.489767e+00 1.097081e+01 2.815159e+01 2.489767e+00 2.396664e-04 -4.515246e-05 -2.768911e-06 2.480362e+00
1.043101e+01 2.743360e+01 2.492242e+00 1.043101e+01 2.743360e+01 2.492242e+00 2.353451e-04 -4.376655e-05 5.648925e-06 2.182637e+00
9.624235e+00 2.915775e+01 2.486617e+00 9.624235e+00 2.915775e+01 2.486617e+00 2.377127e-04 -4.435891e-05 -2.884180e-06 2.522429e+00
9.050081e+00 2.847112e+01 2.487903e+00 9.050081e+00 2.847112e+01 2.487903e+00 2.393015e-04 -4.421348e-05 7.474483e-06 2.227555e+00
1.253343e+01 2.747020e+01 2.503762e+00 1.253343e+01 2.747020e+01 2.503762e+00 2.465405e-04 -4.312008e-05 1.719170e-05 2.078863e+00
1.237906e+01 2.911020e+01 2.481239e+00 1.237906e+01 2.911020e+01 2.481239e+00 2.429159e-04 -4.810421e-05 -4.082478e-06 2.547557e+00
1.292832e+01 2.839866e+01 2.483209e+00 1.292832e+01 2.839866e+01 2.483209e+00 2.511908e-04 -4.193828e-05 1.931978e-06 2.264548e+00
1.146692e+01 2.741236e+01 2.492437e+00 1.146692e+01 2.741236e+01 2.492437e+00 2.395346e-04 -4.197763e-05 3.572390e-06 2.191646e+00
9.282383e+00 3.243597e+01 1.070654e+01 9.282383e+00 3.243597e+01 1.070654e+01 1.427334e-04 1.798739e-05 2.279472e-05 9.238253e+00
1.078778e+01 3.180603e+01 1.086392e+01 1.078778e+01 3.180603e+01 1.086392e+01 1.451170e-04 1.941309e-05 1.167843e-05 1.274500e+01
1.028162e+01 3.254083e+01 1.076677e+01 1.028162e+01 3.254083e+01 1.076677e+01 1.431506e-04 1.903456e-05 2.688970e-05 1.011943e+01
9.426243e+00 3.081342e+01 1.086341e+01 9.426243e+00 3.081342e+01 1.086341e+01 1.475543e-04 1.711372e-05 -2.415578e-06 1.345172e+01
8.880867e+00 3.151804e+01 1.077034e+01 8.880867e+00 3.151804e+01 1.077034e+01 1.455441e-04 1.592758e-05 9.334024e-06 1.069178e+01
1.229725e+01 3.243764e+01 1.075685e+01 1.229725e+01 3.243764e+01 1.075685e+01 1.476743e-04 2.510877e-05 6.234592e-05 8.897359e+00
1.214800e+01 3.081389e+01 1.088245e+01 1.214800e+01 3.081389e+01 1.088245e+01 1.486837e-04 2.365836e-05 2.167432e-05 1.295286e+01
1.269660e+01 3.152139e+01 1.081768e+01 1.269660e+01 3.152139e+01 1.081768e+01 1.494315e-04 2.541916e-05 5.463338e-05 1.010937e+01
1.129807e+01 3.254167e+01 1.078245e+01 1.129807e+01 3.254167e+01 1.078245e+01 1.445435e-04 2.128020e-05 3.948091e-05 9.986828e+00
9.141619e+00 3.701698e+01 5.351597e+00 9.141619e+00 3.701698e+01 5.351597e+00 2.032641e-04 -4.881408e-05 4.035794e-05 7.664102e-01
9.383469e+00 3.627823e+01 4.047880e+00 9.383469e+00 3.627823e+01 4.047880e+00 2.095772e-04 -5.980550e-05 4.429906e-05 5.103807e-01
8.720547e+00 3.652784e+01 4.636968e+00 8.720547e+00 3.652784e+01 4.636968e+00 2.085676e-04 -5.456296e-05 3.963999e-05 6.275491e-01
1.095192e+01 3.699033e+01 4.709167e+00 1.095192e+01 3.699033e+01 4.709167e+00 1.965487e-04 -5.463866e-05 5.185159e-05 6.052998e-01
1.032953e+01 3.721762e+01 5.348606e+00 1.032953e+01 3.721762e+01 5.348606e+00 1.954800e-04 -4.783846e-05 4.908801e-05 7.573271e-01
1.273337e+01 3.704135e+01 5.398758e+00 1.273337e+01 3.704135e+01 5.398758e+00 1.763558e-04 -4.421654e-05 6.378956e-05 6.990202e-01
1.155347e+01 3.722640e+01 5.366078e+00 1.155347e+01 3.722640e+01 5.366078e+00 1.867892e-04 -4.587127e-05 5.760335e-05 7.399644e-01
1.251049e+01 3.629586e+01 4.052057e+00 1.251049e+01 3.629586e+01 4.052057e+00 1.910881e-04 -4.996440e-05 5.472667e-05 4.167442e-01
1.315445e+01 3.655692e+01 4.664985e+00 1.315445e+01 3.655692e+01 4.664985e+00 1.780649e-04 -4.500836e-05 6.179591e-05 5.040233e-01
9.769562e+00 2.382188e+01 3.877458e+00 9.769562e+00 2.382188e+01 3.877458e+00 2.214358e-04 -1.425040e-05 8.585415e-05 5.061590e-01
8.310085e+00 2.473949e+01 3.426469e+00 8.310085e+00 2.473949e+01 3.426469e+00 2.297468e-04 -1.916390e-05 7.151580e-05 5.669266e-01
9.297441e+00 2.452998e+01 3.363965e+00 9.297441e+00 2.452998e+01 3.363965e+00 2.252347e-04 -2.137584e-05 7.160065e-05 5.899390e-01
8.194272e+00 2.361208e+01 4.566261e+00 8.194272e+00 2.361208e+01 4.566261e+00 2.252866e-04 -6.614513e-06 8.438883e-05 6.073662e-01
9.201629e+00 2.338217e+01 4.519698e+00 9.201629e+00 2.338217e+01 4.519698e+00 2.210210e-04 -7.179234e-06 9.114528e-05 5.826634e-01
9.829821e+00 3.606037e+01 8.955034e+00 9.829821e+00 3.606037e+01 8.955034e+00 1.530667e-04 1.470208e-05 6.675086e-05 8.747710e-01
8.348817e+00 3.518351e+01 9.371851e+00 8.348817e+00 3.518351e+01 9.371851e+00 1.429273e-04 1.957890e-05 5.011328e-05 1.269562e+00
9.319613e+00 3.537525e+01 9.478625e+00 9.319613e+00 3.537525e+01 9.478625e+00 1.443427e-04 2.113647e-05 6.229482e-05 1.479048e+00
8.313008e+00 3.630165e+01 8.194401e+00 8.313008e+00 3.630165e+01 8.194401e+00 1.610939e-04 4.928398e-06 4.151091e-05 6.599320e-01
9.309525e+00 3.651722e+01 8.277996e+00 9.309525e+00 3.651722e+01 8.277996e+00 1.605494e-04 5.774565e-06 5.422173e-05 6.728099e-01
4.263330e+00 3.137853e+01 4.298860e+00 4.263330e+00 3.137853e+01 4.298860e+00 2.377557e-04 -3.662081e-05 2.084713e-05 6.434965e-01
3.737304e+00 3.163384e+01 5.522714e+00 3.737304e+00 3.163384e+01 5.522714e+00 2.161933e-04 -2.686360e-05 1.160703e-05 8.390780e-01
3.827182e+00 2.988273e+01 4.863429e+00 3.827182e+00 2.988273e+01 4.863429e+00 2.266684e-04 -2.646256e-05 2.382473e-05 6.993607e-01
4.549732e+00 3.166165e+01 8.484766e+00 4.549732e+00 3.166165e+01 8.484766e+00 1.593203e-04 -3.897664e-06 2.026099e-05 7.246115e-01
3.821644e+00 3.174507e+01 7.024297e+00 3.821644e+00 3.174507e+01 7.024297e+00 1.861885e-04 -1.489217e-05 1.104082e-05 7.888782e-01
4.264286e+00 3.223915e+01 7.754722e+00 4.264286e+00 3.223915e+01 7.754722e+00 1.711079e-04 -8.982153e-06 1.425155e-05 6.933422e-01
4.305393e+00 3.334448e+01 6.181041e+00 4.305393e+00 3.334448e+01 6.181041e+00 2.012271e-04 -2.595902e-05 7.875201e-06 8.598899e-01
4.170310e+00 3.280321e+01 6.970290e+00 4.170310e+00 3.280321e+01 6.970290e+00 1.866282e-04 -1.688863e-05 9.253548e-06 7.940971e-01
4.259044e+00 2.669943e+01 6.515301e+00 4.259044e+00 2.669943e+01 6.515301e+00 1.975026e-04 -1.346360e-05 3.833070e-05 8.213926e-01
3.793777e+00 2.830693e+01 5.659655e+00 3.793777e+00 2.830693e+01 5.659655e+00 2.105538e-04 -1.700298e-05 2.965044e-05 7.738423e-01
4.125544e+00 2.723336e+01 5.724224e+00 4.125544e+00 2.723336e+01 5.724224e+00 2.105509e-04 -1.465137e-05 3.739560e-05 7.684916e-01
4.538510e+00 2.837015e+01 4.228806e+00 4.538510e+00 2.837015e+01 4.228806e+00 2.314163e-04 -2.525771e-05 3.889628e-05 5.551019e-01
4.228670e+00 2.779357e+01 4.943181e+00 4.228670e+00 2.779357e+01 4.943181e+00 2.223557e-04 -1.872907e-05 3.816025e-05 6.504019e-01
9.941971e+00 2.416953e+01 9.218600e+00 9.941971e+00 2.416953e+01 9.218600e+00 1.697225e-04 -1.432728e-06 1.087088e-04 9.966662e-01
8.323834e+00 2.422158e+01 8.795668e+00 8.323834e+00 2.422158e+01 8.795668e+00 1.744092e-04 -3.347388e-06 8.764579e-05 7.706408e-01
9.011096e+00 2.533231e+01 9.817491e+00 9.011096e+00 2.533231e+01 9.817491e+00 1.616720e-04 3.035086e-06 8.463712e-05 2.329524e+00
5.313947e+00 2.536322e+01 7.343095e+00 5.313947e+00 2.536322e+01 7.343095e+00 1.892554e-04 -1.144883e-05 5.142741e-05 7.748754e-01
6.749390e+00 2.458310e+01 8.138736e+00 6.749390e+00 2.458310e+01 8.138736e+00 1.811685e-04 -6.562531e-06 6.849650e-05 7.003615e-01
6.117522e+00 2.460266e+01 7.400712e+00 6.117522e+00 2.460266e+01 7.400712e+00 1.917700e-04 -8.578780e-06 6.200189e-05 7.664135e-01
7.972472e+00 2.342157e+01 7.460555e+00 7.972472e+00 2.342157e+01 7.460555e+00 1.933163e-04 -3.923439e-06 8.556482e-05 7.549387e-01
7.013700e+00 2.394859e+01 7.441157e+00 7.013700e+00 2.394859e+01 7.441157e+00 1.941998e-04 -5.031732e-06 7.359692e-05 7.596941e-01
7.456557e+00 2.830489e+01 1.042544e+01 7.456557e+00 2.830489e+01 1.042544e+01 1.501615e-04 9.943213e-06 3.081141e-05 5.875173e+00
8.176275e+00 2.672994e+01 1.021355e+01 8.176275e+00 2.672994e+01 1.021355e+01 1.555600e-04 8.641142e-06 5.401018e-05 4.332131e+00
8.212172e+00 2.765716e+01 1.048436e+01 8.212172e+00 2.765716e+01 1.048436e+01 1.523334e-04 1.228148e-05 3.649609e-05 6.570324e+00
9.877908e+00 2.655594e+01 1.046219e+01 9.877908e+00 2.655594e+01 1.046219e+01 1.544377e-04 1.263181e-05 6.705345e-05 6.152247e+00
9.023749e+00 2.707241e+01 1.049524e+01 9.023749e+00 2.707241e+01 1.049524e+01 1.539678e-04 1.334185e-05 4.839405e-05 6.672613e+00
9.986741e+00 3.011373e+01 1.089349e+01 9.986741e+00 3.011373e+01 1.089349e+01 1.494461e-04 1.933736e-05 -7.337235e-06 1.513157e+01
9.102600e+00 2.891089e+01 1.080456e+01 9.102600e+00 2.891089e+01 1.080456e+01 1.513979e-04 1.777523e-05 8.157675e-06 1.177605e+01
9.943150e+00 2.921618e+01 1.087431e+01 9.943150e+00 2.921618e+01 1.087431e+01 1.507400e-04 2.011442e-05 -8.029585e-07 1.422606e+01
8.570617e+00 3.055019e+01 1.078356e+01 8.570617e+00 3.055019e+01 1.078356e+01 1.481160e-04 1.507266e-05 4.494067e-06 1.111389e+01
9.892836e+00 2.743068e+01 1.067864e+01 9.892836e+00 2.743068e+01 1.067864e+01 1.527500e-04 1.752484e-05 4.182286e-05 9.037926e+00
9.915201e+00 2.832050e+01 1.081108e+01 9.915201e+00 2.832050e+01 1.081108e+01 1.517152e-04 1.995123e-05 1.691233e-05 1.193918e+01
5.733579e+00 3.138639e+01 9.643593e+00 5.733579e+00 3.138639e+01 9.643593e+00 1.472720e-04 5.000195e-06 2.666640e-05 2.018237e+00
7.126127e+00 3.099103e+01 1.040075e+01 7.126127e+00 3.099103e+01 1.040075e+01 1.458776e-04 1.097934e-05 2.109821e-05 5.791397e+00
6.558273e+00 3.168139e+01 1.006102e+01 6.558273e+00 3.168139e+01 1.006102e+01 1.458856e-04 1.006075e-05 2.608466e-05 3.546789e+00
8.344051e+00 3.221248e+01 1.058603e+01 8.344051e+00 3.221248e+01 1.058603e+01 1.431570e-04 1.646182e-05 2.299995e-05 7.624330e+00
7.433497e+00 3.195672e+01 1.037415e+01 7.433497e+00 3.195672e+01 1.037415e+01 1.436981e-04 1.398292e-05 2.493223e-05 5.540881e+00
6.252512e+00 2.472504e+01 4.653442e+00 6.252512e+00 2.472504e+01 4.653442e+00 2.276555e-04 -8.839810e-06 6.720204e-05 6.437155e-01
5.055878e+00 2.581920e+01 5.103731e+00 5.055878e+00 2.581920e+01 5.103731e+00 2.229167e-04 -1.141322e-05 5.341633e-05 6.912019e-01
5.676045e+00 2.552131e+01 4.479265e+00 5.676045e+00 2.552131e+01 4.479265e+00 2.277240e-04 -1.193394e-05 6.005033e-05 5.903399e-01
5.990769e+00 2.440634e+01 5.923503e+00 5.990769e+00 2.440634e+01 5.923503e+00 2.150327e-04 -7.438018e-06 6.333408e-05 8.321496e-01
6.559623e+00 2.411206e+01 5.259984e+00 6.559623e+00 2.411206e+01 5.259984e+00 2.231235e-04 -5.776212e-06 7.077561e-05 7.535696e-01
4.829996e+00 2.737435e+01 4.285067e+00 4.829996e+00 2.737435e+01 4.285067e+00 2.299190e-04 -2.005545e-05 4.614614e-05 5.491944e-01
5.206346e+00 2.641513e+01 4.363032e+00 5.206346e+00 2.641513e+01 4.363032e+00 2.284266e-04 -1.552629e-05 5.284581e-05 5.604686e-01
7.435477e+00 2.345338e+01 6.714492e+00 7.435477e+00 2.345338e+01 6.714492e+00 2.035692e-04 -3.998021e-06 7.946228e-05 8.391652e-01
6.959274e+00 2.368101e+01 5.963086e+00 6.959274e+00 2.368101e+01 5.963086e+00 2.150239e-04 -4.049426e-06 7.476126e-05 8.385688e-01
6.501061e+00 3.464534e+01 8.779667e+00 6.501061e+00 3.464534e+01 8.779667e+00 1.494257e-04 1.063065e-05 2.830926e-05 7.650907e-01
6.415449e+00 3.325513e+01 9.527271e+00 6.415449e+00 3.325513e+01 9.527271e+00 1.438956e-04 1.295813e-05 3.117621e-05 1.662762e+00
6.879348e+00 3.411279e+01 9.397512e+00 6.879348e+00 3.411279e+01 9.397512e+00 1.428607e-04 1.598505e-05 3.515596e-05 1.341087e+00
5.262965e+00 3.357323e+01 8.359551e+00 5.262965e+00 3.357323e+01 8.359551e+00 1.583934e-04 1.399454e-07 1.920922e-05 6.863205e-01
5.758399e+00 3.444442e+01 8.243732e+00 5.758399e+00 3.444442e+01 8.243732e+00 1.580496e-04 1.491292e-06 1.993714e-05 6.645164e-01
7.824360e+00 3.288593e+01 1.029884e+01 7.824360e+00 3.288593e+01 1.029884e+01 1.415725e-04 1.774500e-05 3.316266e-05 4.813770e+00
7.332054e+00 3.352509e+01 9.903890e+00 7.332054e+00 3.352509e+01 9.903890e+00 1.416174e-04 1.823659e-05 3.723414e-05 2.664497e+00
4.645380e+00 3.380630e+01 6.909614e+00 4.645380e+00 3.380630e+01 6.909614e+00 1.854370e-04 -1.844964e-05 8.998184e-06 8.041183e-01
5.134088e+00 3.416985e+01 7.610869e+00 5.134088e+00 3.416985e+01 7.610869e+00 1.709867e-04 -8.967693e-06 1.324044e-05 7.141250e-01
1.756184e+01 3.134069e+01 4.408689e+00 1.756184e+01 3.134069e+01 4.408689e+00 1.596655e-04 -1.819593e-05 8.559373e-05 2.127522e-01
1.798925e+01 2.989118e+01 4.977509e+00 1.798925e+01 2.989118e+01 4.977509e+00 1.506859e-04 7.756237e-07 1.105390e-04 2.918066e-01
1.787816e+01 3.147493e+01 5.695070e+00 1.787816e+01 3.147493e+01 5.695070e+00 1.189067e-04 -2.566444e-05 1.247301e-04 2.784926e-01
1.702848e+01 2.690477e+01 6.655217e+00 1.702848e+01 2.690477e+01 6.655217e+00 1.015195e-04 6.049455e-05 1.283242e-04 4.398862e-01
1.784218e+01 2.845818e+01 5.834261e+00 1.784218e+01 2.845818e+01 5.834261e+00 1.169712e-04 3.764693e-05 1.274823e-04 2.700963e-01
1.734888e+01 2.747898e+01 5.916445e+00 1.734888e+01 2.747898e+01 5.916445e+00 1.064415e-04 4.435473e-05 1.270249e-04 3.140691e-01
1.730993e+01 2.842721e+01 4.312564e+00 1.730993e+01 2.842721e+01 4.312564e+00 1.760881e-04 6.074381e-06 9.848074e-05 2.256171e-01
1.747033e+01 2.792503e+01 5.107605e+00 1.747033e+01 2.792503e+01 5.107605e+00 1.401765e-04 3.022624e-05 1.195820e-04 2.393352e-01
1.706488e+01 3.163649e+01 8.711087e+00 1.706488e+01 3.163649e+01 8.711087e+00 1.602253e-04 1.130802e-05 1.650517e-04 6.927335e-01
1.774760e+01 3.162637e+01 7.224391e+00 1.774760e+01 3.162637e+01 7.224391e+00 1.209273e-04 -1.283521e-05 1.398977e-04 4.579454e-01
1.730946e+01 3.214824e+01 7.945543e+00 1.730946e+01 3.214824e+01 7.945543e+00 1.360293e-04 -5.767190e-06 1.460513e-04 5.834511e-01
1.703491e+01 3.310265e+01 6.364842e+00 1.703491e+01 3.310265e+01 6.364842e+00 1.067004e-04 -5.905195e-05 1.126661e-04 2.815988e-01
1.730500e+01 3.256508e+01 7.120561e+00 1.730500e+01 3.256508e+01 7.120561e+00 1.095417e-04 -3.176678e-05 1.306965e-04 3.831463e-01
1.164998e+01 2.416861e+01 9.234815e+00 1.164998e+01 2.416861e+01 9.234815e+00 1.687672e-04 2.587803e-06 1.331964e-04 9.574736e-01
1.253178e+01 2.532723e+01 9.867319e+00 1.253178e+01 2.532723e+01 9.867319e+00 1.637264e-04 8.302849e-06 1.394558e-04 2.228940e+00
1.324620e+01 2.421243e+01 8.850339e+00 1.324620e+01 2.421243e+01 8.850339e+00 1.709661e-04 1.111564e-05 1.501360e-04 6.925031e-01
1.411961e+01 2.828881e+01 1.051526e+01 1.411961e+01 2.828881e+01 1.051526e+01 1.648068e-04 1.706773e-05 1.410224e-04 5.306261e+00
1.336728e+01 2.672324e+01 1.028744e+01 1.336728e+01 2.672324e+01 1.028744e+01 1.626272e-04 1.385167e-05 1.388808e-04 4.045419e+00
1.334156e+01 2.764959e+01 1.055057e+01 1.334156e+01 2.764959e+01 1.055057e+01 1.590373e-04 1.777429e-05 1.195305e-04 6.091794e+00
1.165336e+01 2.655294e+01 1.048485e+01 1.165336e+01 2.655294e+01 1.048485e+01 1.550151e-04 1.458190e-05 9.548132e-05 6.001722e+00
1.251489e+01 2.706822e+01 1.053967e+01 1.251489e+01 2.706822e+01 1.053967e+01 1.561219e-04 1.705670e-05 1.042332e-04 6.349330e+00
1.607362e+01 2.540380e+01 7.401980e+00 1.607362e+01 2.540380e+01 7.401980e+00 1.177645e-04 4.569316e-05 1.334350e-04 5.887318e-01
1.478517e+01 2.458211e+01 8.241242e+00 1.478517e+01 2.458211e+01 8.241242e+00 1.620625e-04 2.655070e-05 1.487613e-04 6.479534e-01
1.538479e+01 2.461908e+01 7.507780e+00 1.538479e+01 2.461908e+01 7.507780e+00 1.443192e-04 4.181093e-05 1.382100e-04 6.722621e-01
1.364243e+01 2.341415e+01 7.493325e+00 1.364243e+01 2.341415e+01 7.493325e+00 1.743758e-04 2.247828e-05 1.413343e-04 6.536433e-01
1.457086e+01 2.394755e+01 7.525396e+00 1.457086e+01 2.394755e+01 7.525396e+00 1.617710e-04 3.198670e-05 1.456456e-04 6.152385e-01
1.158702e+01 3.011269e+01 1.089939e+01 1.158702e+01 3.011269e+01 1.089939e+01 1.492922e-04 2.284683e-05 3.949156e-06 1.481929e+01
1.300539e+01 3.055062e+01 1.082971e+01 1.300539e+01 3.055062e+01 1.082971e+01 1.518671e-04 2.454044e-05 5.825515e-05 1.037216e+01
1.246229e+01 2.890784e+01 1.083100e+01 1.246229e+01 2.890784e+01 1.083100e+01 1.522472e-04 2.293535e-05 4.961407e-05 1.118952e+01
1.162139e+01 2.921470e+01 1.088197e+01 1.162139e+01 2.921470e+01 1.088197e+01 1.503698e-04 2.319566e-05 1.421130e-05 1.390163e+01
1.588046e+01 3.138754e+01 9.844161e+00 1.588046e+01 3.138754e+01 9.844161e+00 1.727024e-04 2.066638e-05 1.756712e-04 1.810577e+00
1.446342e+01 3.099407e+01 1.052711e+01 1.446342e+01 3.099407e+01 1.052711e+01 1.602188e-04 2.489783e-05 1.332127e-04 5.163627e+00
1.504821e+01 3.169218e+01 1.022554e+01 1.504821e+01 3.169218e+01 1.022554e+01 1.663364e-04 2.664772e-05 1.566612e-04 3.155499e+00
1.324287e+01 3.222080e+01 1.067243e+01 1.324287e+01 3.222080e+01 1.067243e+01 1.521127e-04 2.897445e-05 9.173408e-05 7.102983e+00
1.416315e+01 3.196925e+01 1.049971e+01 1.416315e+01 3.196925e+01 1.049971e+01 1.580530e-04 2.982220e-05 1.248109e-04 5.005757e+00
1.164457e+01 2.742851e+01 1.069714e+01 1.164457e+01 2.742851e+01 1.069714e+01 1.528231e-04 1.968223e-05 6.791229e-05 8.811268e+00
1.163450e+01 2.831883e+01 1.082386e+01 1.163450e+01 2.831883e+01 1.082386e+01 1.514388e-04 2.250622e-05 3.792121e-05 1.164634e+01
1.530547e+01 2.463942e+01 4.625950e+00 1.530547e+01 2.463942e+01 4.625950e+00 1.560517e-04 2.005764e-05 1.225313e-04 5.596003e-01
1.554107e+01 2.438514e+01 5.999382e+00 1.554107e+01 2.438514e+01 5.999382e+00 1.239129e-04 3.912633e-05 1.353575e-04 5.431814e-01
1.507689e+01 2.407095e+01 5.292903e+00 1.507689e+01 2.407095e+01 5.292903e+00 1.508345e-04 3.159700e-05 1.292377e-04 6.364325e-01
1.645787e+01 2.588572e+01 5.244305e+00 1.645787e+01 2.588572e+01 5.244305e+00 1.308647e-04 5.604314e-05 1.256146e-04 3.537862e-01
1.598231e+01 2.548033e+01 4.580785e+00 1.598231e+01 2.548033e+01 4.580785e+00 1.570075e-04 2.196991e-05 1.299059e-04 3.635901e-01
1.421338e+01 2.345350e+01 6.768084e+00 1.421338e+01 2.345350e+01 6.768084e+00 1.694552e-04 3.264133e-05 1.394223e-04 7.014098e-01
1.470717e+01 2.367356e+01 6.024571e+00 1.470717e+01 2.367356e+01 6.024571e+00 1.589993e-04 3.616295e-05 1.351789e-04 7.186960e-01
1.696933e+01 2.745869e+01 4.408477e+00 1.696933e+01 2.745869e+01 4.408477e+00 1.712319e-04 2.048731e-05 1.054548e-04 2.184090e-01
1.654685e+01 2.647228e+01 4.524240e+00 1.654685e+01 2.647228e+01 4.524240e+00 1.629175e-04 3.153629e-05 1.155258e-04 2.370352e-01
1.515902e+01 3.469617e+01 8.990553e+00 1.515902e+01 3.469617e+01 8.990553e+00 1.658994e-04 1.908703e-05 1.203821e-04 7.694915e-01
1.636613e+01 3.356904e+01 8.493769e+00 1.636613e+01 3.356904e+01 8.493769e+00 1.446265e-04 -6.632373e-06 1.319826e-04 5.800332e-01
1.587657e+01 3.448088e+01 8.419685e+00 1.587657e+01 3.448088e+01 8.419685e+00 1.472418e-04 6.554725e-06 1.005530e-04 5.418269e-01
1.523177e+01 3.327966e+01 9.710574e+00 1.523177e+01 3.327966e+01 9.710574e+00 1.681676e-04 2.852592e-05 1.457185e-04 1.584838e+00
1.478377e+01 3.413839e+01 9.593469e+00 1.478377e+01 3.413839e+01 9.593469e+00 1.719577e-04 2.745959e-05 1.351999e-04 1.297091e+00
1.675140e+01 3.362205e+01 7.061846e+00 1.675140e+01 3.362205e+01 7.061846e+00 1.066842e-04 -5.734842e-05 1.106911e-04 3.222145e-01
1.639410e+01 3.414823e+01 7.729689e+00 1.639410e+01 3.414823e+01 7.729689e+00 1.257154e-04 -4.659546e-05 1.147529e-04 3.645996e-01
1.378031e+01 3.290128e+01 1.042811e+01 1.378031e+01 3.290128e+01 1.042811e+01 1.578715e-04 3.298768e-05 1.218392e-04 4.458329e+00
1.429633e+01 3.354983e+01 1.007233e+01 1.429633e+01 3.354983e+01 1.007233e+01 1.657439e-04 3.473832e-05 1.395284e-04 2.506605e+00
1.021758e+01 2.982938e+01 2.499643e+00 1.021758e+01 2.982938e+01 2.499643e+00 2.409113e-04 -4.643466e-05 -1.159348e-05 2.671437e+00
9.328896e+00 3.104544e+01 2.489670e+00 9.328896e+00 3.104544e+01 2.489670e+00 2.391381e-04 -4.940082e-05 -1.138008e-05 2.337107e+00
8.768898e+00 2.943115e+01 2.483644e+00 8.768898e+00 2.943115e+01 2.483644e+00 2.382495e-04 -4.342459e-05 3.046848e-06 2.273009e+00
7.518047e+00 3.361169e+01 3.053759e+00 7.518047e+00 3.361169e+01 3.053759e+00 2.370908e-04 -5.420084e-05 2.901860e-05 8.207615e-01
8.414996e+00 3.232025e+01 2.597835e+00 8.414996e+00 3.232025e+01 2.597835e+00 2.387556e-04 -5.074692e-05 9.697872e-06 1.611380e+00
8.358848e+00 3.326661e+01 2.767338e+00 8.358848e+00 3.326661e+01 2.767338e+00 2.355064e-04 -5.333092e-05 2.117121e-05 1.192131e+00
1.010046e+01 3.251981e+01 2.521684e+00 1.010046e+01 3.251981e+01 2.521684e+00 2.374310e-04 -4.862847e-05 4.378337e-06 1.991949e+00
9.224153e+00 3.290021e+01 2.599552e+00 9.224153e+00 3.290021e+01 2.599552e+00 2.353166e-04 -5.189508e-05 1.076633e-05 1.618842e+00
5.795259e+00 2.862838e+01 3.178325e+00 5.795259e+00 2.862838e+01 3.178325e+00 2.393943e-04 -3.423477e-05 4.125092e-05 7.248291e-01
7.272047e+00 2.900884e+01 2.631732e+00 7.272047e+00 2.900884e+01 2.631732e+00 2.391951e-04 -4.100664e-05 2.552644e-05 1.482260e+00
6.653278e+00 2.832118e+01 2.854854e+00 6.653278e+00 2.832118e+01 2.854854e+00 2.384962e-04 -3.574865e-05 3.841458e-05 1.047125e+00
8.480971e+00 2.777993e+01 2.538169e+00 8.480971e+00 2.777993e+01 2.538169e+00 2.341404e-04 -3.886262e-05 2.125204e-05 1.802552e+00
7.555026e+00 2.803953e+01 2.647591e+00 7.555026e+00 2.803953e+01 2.647591e+00 2.361230e-04 -3.707586e-05 3.012893e-05 1.442794e+00
1.009219e+01 3.590717e+01 3.577328e+00 1.009219e+01 3.590717e+01 3.577328e+00 2.071680e-04 -5.981099e-05 4.402385e-05 4.734362e-01
8.462741e+00 3.585256e+01 3.993074e+00 8.462741e+00 3.585256e+01 3.993074e+00 2.163992e-04 -5.918571e-05 4.055881e-05 5.332862e-01
9.174955e+00 3.469965e+01 3.061091e+00 9.174955e+00 3.469965e+01 3.061091e+00 2.229691e-04 -5.752258e-05 3.539741e-05 7.545040e-01
1.004989e+01 3.513625e+01 3.112803e+00 1.004989e+01 3.513625e+01 3.112803e+00 2.160462e-04 -5.706970e-05 4.017616e-05 6.534414e-01
5.385946e+00 3.467646e+01 5.379595e+00 5.385946e+00 3.467646e+01 5.379595e+00 2.144028e-04 -3.819429e-05 1.499025e-05 7.950499e-01
6.858596e+00 3.547275e+01 4.624815e+00 6.858596e+00 3.547275e+01 4.624815e+00 2.194688e-04 -4.969336e-05 2.880341e-05 6.461930e-01
6.212379e+00 3.543211e+01 5.345158e+00 6.212379e+00 3.543211e+01 5.345158e+00 2.119402e-04 -4.088064e-05 2.118287e-05 7.726011e-01
8.114212e+00 3.662717e+01 5.321097e+00 8.114212e+00 3.662717e+01 5.321097e+00 2.060997e-04 -4.541883e-05 3.431074e-05 7.612413e-01
7.134113e+00 3.609077e+01 5.325328e+00 7.134113e+00 3.609077e+01 5.325328e+00 2.098350e-04 -4.446918e-05 2.815888e-05 7.625817e-01
1.007229e+01 3.341533e+01 2.607484e+00 1.007229e+01 3.341533e+01 2.607484e+00 2.302002e-04 -5.053684e-05 1.866129e-05 1.527504e+00
1.005298e+01 3.429517e+01 2.794464e+00 1.005298e+01 3.429517e+01 2.794464e+00 2.237403e-04 -5.345721e-05 3.126495e-05 1.036535e+00
6.424710e+00 2.530752e+01 3.958775e+00 6.424710e+00 2.530752e+01 3.958775e+00 2.315504e-04 -1.285030e-05 6.647572e-05 5.358131e-01
6.423162e+00 2.672501e+01 3.275671e+00 6.423162e+00 2.672501e+01 3.275671e+00 2.342601e-04 -2.464137e-05 5.356714e-05 6.501429e-01
6.853969e+00 2.584635e+01 3.384124e+00 6.853969e+00 2.584635e+01 3.384124e+00 2.329788e-04 -2.089859e-05 6.162248e-05 5.879968e-01
7.916690e+00 2.709870e+01 2.685029e+00 7.916690e+00 2.709870e+01 2.685029e+00 2.336301e-04 -3.459175e-05 3.812567e-05 1.300558e+00
7.369774e+00 2.644404e+01 2.960402e+00 7.369774e+00 2.644404e+01 2.960402e+00 2.344643e-04 -2.819122e-05 5.375959e-05 8.593686e-01
6.355223e+00 3.522078e+01 8.071202e+00 6.355223e+00 3.522078e+01 8.071202e+00 1.598325e-04 1.122554e-06 2.111137e-05 6.794307e-01
6.097786e+00 3.557295e+01 6.810625e+00 6.097786e+00 3.557295e+01 6.810625e+00 1.847420e-04 -1.933359e-05 1.622142e-05 8.242497e-01
6.678311e+00 3.583548e+01 7.473963e+00 6.678311e+00 3.583548e+01 7.473963e+00 1.722618e-04 -7.416838e-06 2.149967e-05 7.420582e-01
7.570810e+00 3.655324e+01 6.057460e+00 7.570810e+00 3.655324e+01 6.057460e+00 1.976587e-04 -3.303716e-05 2.791367e-05 8.425534e-01
7.087011e+00 3.628780e+01 6.790013e+00 7.087011e+00 3.628780e+01 6.790013e+00 1.863041e-04 -1.957237e-05 2.354588e-05 8.280275e-01
1.181596e+01 2.981071e+01 2.495230e+00 1.181596e+01 2.981071e+01 2.495230e+00 2.415088e-04 -5.071376e-05 6.758510e-07 2.683264e+00
1.322335e+01 2.941567e+01 2.463015e+00 1.322335e+01 2.941567e+01 2.463015e+00 2.397030e-04 -3.573336e-05 -3.829585e-06 2.324562e+00
1.266385e+01 3.105260e+01 2.464771e+00 1.266385e+01 3.105260e+01 2.464771e+00 2.333764e-04 -3.584698e-05 1.342240e-05 2.384095e+00
1.616693e+01 2.865581e+01 3.149433e+00 1.616693e+01 2.865581e+01 3.149433e+00 2.236466e-04 -1.248561e-05 4.567847e-05 4.932424e-01
1.469700e+01 2.900196e+01 2.580604e+00 1.469700e+01 2.900196e+01 2.580604e+00 2.409609e-04 -2.300571e-05 5.544743e-06 1.497733e+00
1.531948e+01 2.833631e+01 2.811388e+00 1.531948e+01 2.833631e+01 2.811388e+00 2.344255e-04 -2.108053e-05 2.763541e-05 9.311379e-01
1.348349e+01 2.768642e+01 2.537353e+00 1.348349e+01 2.768642e+01 2.537353e+00 2.502131e-04 -4.113053e-05 1.491647e-05 1.832359e+00
1.438874e+01 2.799771e+01 2.620844e+00 1.438874e+01 2.799771e+01 2.620844e+00 2.417559e-04 -2.564121e-05 1.749952e-05 1.429261e+00
1.438914e+01 3.364433e+01 3.016136e+00 1.438914e+01 3.364433e+01 3.016136e+00 2.143898e-04 -2.785542e-05 3.962561e-05 7.036505e-01
1.354039e+01 3.234209e+01 2.546170e+00 1.354039e+01 3.234209e+01 2.546170e+00 2.294987e-04 -3.030807e-05 1.673356e-05 1.665867e+00
1.356494e+01 3.329113e+01 2.719114e+00 1.356494e+01 3.329113e+01 2.719114e+00 2.225120e-04 -3.172106e-05 2.860853e-05 1.175519e+00
1.184292e+01 3.252018e+01 2.503985e+00 1.184292e+01 3.252018e+01 2.503985e+00 2.350455e-04 -4.596332e-05 2.030457e-05 2.018937e+00
1.270936e+01 3.291350e+01 2.562662e+00 1.270936e+01 3.291350e+01 2.562662e+00 2.282916e-04 -3.666109e-05 2.504811e-05 1.654322e+00
1.180970e+01 3.591404e+01 3.571584e+00 1.180970e+01 3.591404e+01 3.571584e+00 2.008948e-04 -5.375619e-05 4.782953e-05 4.267153e-01
1.271368e+01 3.471768e+01 3.033497e+00 1.271368e+01 3.471768e+01 3.033497e+00 2.107792e-04 -4.305944e-05 4.309269e-05 6.791227e-01
1.183750e+01 3.514467e+01 3.099481e+00 1.183750e+01 3.514467e+01 3.099481e+00 2.098974e-04 -5.042109e-05 4.366939e-05 6.101570e-01
1.340698e+01 3.588222e+01 3.994031e+00 1.340698e+01 3.588222e+01 3.994031e+00 1.878341e-04 -4.480534e-05 5.869119e-05 3.823593e-01
1.184654e+01 3.341953e+01 2.588111e+00 1.184654e+01 3.341953e+01 2.588111e+00 2.262529e-04 -4.561149e-05 2.708400e-05 1.539873e+00
1.184523e+01 3.430230e+01 2.776689e+00 1.184523e+01 3.430230e+01 2.776689e+00 2.183508e-04 -4.726525e-05 3.582089e-05 1.017239e+00
1.610590e+01 3.464147e+01 5.566091e+00 1.610590e+01 3.464147e+01 5.566091e+00 9.612436e-05 -5.093543e-05 1.108040e-04 2.819376e-01
1.491343e+01 3.550014e+01 4.666864e+00 1.491343e+01 3.550014e+01 4.666864e+00 1.625879e-04 -4.374192e-05 8.135110e-05 3.774838e-01
1.545440e+01 3.543976e+01 5.434120e+00 1.545440e+01 3.543976e+01 5.434120e+00 1.286506e-04 -4.999576e-05 9.750239e-05 4.119016e-01
1.373737e+01 3.666143e+01 5.378600e+00 1.373737e+01 3.666143e+01 5.378600e+00 1.654254e-04 -4.125025e-05 6.971823e-05 6.207355e-01
1.466359e+01 3.611888e+01 5.393199e+00 1.466359e+01 3.611888e+01 5.393199e+00 1.509371e-04 -4.360820e-05 7.601274e-05 5.074755e-01
1.530146e+01 2.528597e+01 3.979479e+00 1.530146e+01 2.528597e+01 3.979479e+00 1.799283e-04 6.464276e-06 1.098870e-04 4.480184e-01
1.554914e+01 2.676891e+01 3.312021e+00 1.554914e+01 2.676891e+01 3.312021e+00 2.166377e-04 -9.730371e-06 7.538662e-05 4.317031e-01
1.506729e+01 2.591998e+01 3.406802e+00 1.506729e+01 2.591998e+01 3.406802e+00 2.144021e-04 -1.743857e-06 8.670673e-05 4.034476e-01
1.386046e+01 2.687838e+01 2.688980e+00 1.386046e+01 2.687838e+01 2.688980e+00 2.176811e-04 -5.290634e-05 3.474317e-05 1.263149e+00
1.465661e+01 2.657570e+01 2.956012e+00 1.465661e+01 2.657570e+01 2.956012e+00 2.262084e-04 -1.700240e-05 5.535461e-05 7.106871e-01
1.527211e+01 3.530098e+01 8.304545e+00 1.527211e+01 3.530098e+01 8.304545e+00 1.501323e-04 1.105970e-07 9.872223e-05 6.083618e-01
1.552586e+01 3.561055e+01 6.983981e+00 1.552586e+01 3.561055e+01 6.983981e+00 9.531215e-05 -1.639389e-05 9.041735e-05 4.231303e-01
1.500992e+01 3.590739e+01 7.670347e+00 1.500992e+01 3.590739e+01 7.670347e+00 1.300558e-04 -7.714416e-06 1.022498e-04 5.878693e-01
1.425265e+01 3.658831e+01 6.146531e+00 1.425265e+01 3.658831e+01 6.146531e+00 1.543032e-04 -3.697949e-05 7.604215e-05 6.761320e-01
1.468859e+01 3.633176e+01 6.920923e+00 1.468859e+01 3.633176e+01 6.920923e+00 1.405397e-04 -2.500057e-05 8.642469e-05 6.535172e-01
1.078310e+01 2.953335e+01 1.089661e+01 1.078310e+01 2.953335e+01 1.089661e+01 1.497662e-04 2.168126e-05 -2.855261e-06 1.534293e+01
7.260616e+00 2.396370e+01 4.682268e+00 7.260616e+00 2.396370e+01 4.682268e+00 2.277381e-04 -5.734226e-06 7.712372e-05 6.473246e-01
8.609600e+00 2.313897e+01 5.244153e+00 8.609600e+00 2.313897e+01 5.244153e+00 2.189991e-04 -1.814491e-06 9.110858e-05 7.230096e-01
1.201987e+01 2.275741e+01 6.729625e+00 1.201987e+01 2.275741e+01 6.729625e+00 1.934656e-04 1.392013e-05 1.250433e-04 8.083041e-01
1.020748e+01 2.271083e+01 5.992341e+00 1.020748e+01 2.271083e+01 5.992341e+00 2.062267e-04 4.120577e-06 1.077762e-04 8.033036e-01
1.138795e+01 2.270497e+01 5.993167e+00 1.138795e+01 2.270497e+01 5.993167e+00 2.003396e-04 9.072700e-06 1.169629e-04 8.051608e-01
1.025948e+01 2.325797e+01 4.515814e+00 1.025948e+01 2.325797e+01 4.515814e+00 2.145938e-04 -6.688401e-06 9.689484e-05 5.666816e-01
1.079461e+01 2.287650e+01 5.238893e+00 1.079461e+01 2.287650e+01 5.238893e+00 2.077168e-04 2.345612e-06 1.081826e-04 6.997559e-01
1.445732e+01 2.398435e+01 4.631916e+00 1.445732e+01 2.398435e+01 4.631916e+00 1.716099e-04 1.827715e-05 1.163130e-04 5.743949e-01
1.306963e+01 2.311432e+01 5.264699e+00 1.306963e+01 2.311432e+01 5.264699e+00 1.895923e-04 1.545227e-05 1.223577e-04 6.969234e-01
1.349420e+01 2.356275e+01 4.582249e+00 1.349420e+01 2.356275e+01 4.582249e+00 1.836800e-04 6.178037e-06 1.133626e-04 5.806182e-01
1.134842e+01 2.323339e+01 4.528001e+00 1.134842e+01 2.323339e+01 4.528001e+00 2.056366e-04 -5.205494e-06 1.027876e-04 5.636170e-01
1.243912e+01 2.332288e+01 4.548630e+00 1.243912e+01 2.332288e+01 4.548630e+00 1.955441e-04 -1.524072e-06 1.087644e-04 5.735704e-01
1.094371e+01 3.548509e+01 3.238066e+00 1.094371e+01 3.548509e+01 3.238066e+00 2.095683e-04 -5.610860e-05 4.293158e-05 5.417908e-01
7.373006e+00 2.504622e+01 3.571865e+00 7.373006e+00 2.504622e+01 3.571865e+00 2.325705e-04 -1.685119e-05 6.976040e-05 5.448732e-01
8.828246e+00 2.533701e+01 2.996355e+00 8.828246e+00 2.533701e+01 2.996355e+00 2.300545e-04 -2.648111e-05 6.074607e-05 8.127356e-01
1.193964e+01 2.666387e+01 2.549777e+00 1.193964e+01 2.666387e+01 2.549777e+00 2.311982e-04 -4.349992e-05 1.827164e-05 1.758060e+00
1.037243e+01 2.589608e+01 2.688953e+00 1.037243e+01 2.589608e+01 2.688953e+00 2.275738e-04 -3.579044e-05 3.612550e-05 1.326512e+00
1.138015e+01 2.586192e+01 2.687977e+00 1.138015e+01 2.586192e+01 2.687977e+00 2.234878e-04 -4.090906e-05 3.445921e-05 1.322038e+00
1.031170e+01 2.440869e+01 3.347834e+00 1.031170e+01 2.440869e+01 3.347834e+00 2.185267e-04 -2.420252e-05 7.154894e-05 5.934738e-01
1.084406e+01 2.510098e+01 2.949960e+00 1.084406e+01 2.510098e+01 2.949960e+00 2.201870e-04 -3.273080e-05 5.500112e-05 8.844739e-01
1.410693e+01 2.499901e+01 3.481549e+00 1.410693e+01 2.499901e+01 3.481549e+00 1.860852e-04 -7.255910e-06 8.102717e-05 4.451335e-01
1.283786e+01 2.521191e+01 3.001188e+00 1.283786e+01 2.521191e+01 3.001188e+00 2.133063e-04 -3.490017e-05 6.061789e-05 7.069874e-01
1.328161e+01 2.459614e+01 3.434587e+00 1.328161e+01 2.459614e+01 3.434587e+00 1.958217e-04 -2.535435e-05 8.355773e-05 4.678608e-01
1.132988e+01 2.436936e+01 3.352128e+00 1.132988e+01 2.436936e+01 3.352128e+00 2.110473e-04 -2.676560e-05 7.257077e-05 5.694856e-01
1.233177e+01 2.442417e+01 3.372766e+00 1.233177e+01 2.442417e+01 3.372766e+00 2.035296e-04 -2.796228e-05 7.634064e-05 5.223887e-01
7.426697e+00 3.489178e+01 9.192177e+00 7.426697e+00 3.489178e+01 9.192177e+00 1.440445e-04 1.686568e-05 3.882445e-05 1.042683e+00
8.805616e+00 3.459958e+01 9.882056e+00 8.805616e+00 3.459958e+01 9.882056e+00 1.413150e-04 2.258794e-05 5.440398e-05 2.510857e+00
1.181036e+01 3.326448e+01 1.062067e+01 1.181036e+01 3.326448e+01 1.062067e+01 1.461765e-04 2.514572e-05 7.214936e-05 7.027864e+00
1.029241e+01 3.404755e+01 1.034998e+01 1.029241e+01 3.404755e+01 1.034998e+01 1.428755e-04 2.348321e-05 6.337738e-05 4.937863e+00
1.131003e+01 3.405240e+01 1.037686e+01 1.131003e+01 3.405240e+01 1.037686e+01 1.463559e-04 2.598980e-05 8.014959e-05 4.876201e+00
1.032026e+01 3.547175e+01 9.540079e+00 1.032026e+01 3.547175e+01 9.540079e+00 1.476102e-04 2.286287e-05 7.637769e-05 1.595607e+00
1.081149e+01 3.479379e+01 1.001637e+01 1.081149e+01 3.479379e+01 1.001637e+01 1.477676e-04 2.518777e-05 8.242477e-05 2.959809e+00
1.423728e+01 3.491378e+01 9.408263e+00 1.423728e+01 3.491378e+01 9.408263e+00 1.727509e-04 2.306078e-05 1.285897e-04 1.061884e+00
1.281931e+01 3.462410e+01 1.000494e+01 1.281931e+01 3.462410e+01 1.000494e+01 1.579584e-04 3.149885e-05 1.211932e-04 2.407431e+00
1.330765e+01 3.522020e+01 9.533545e+00 1.330765e+01 3.522020e+01 9.533545e+00 1.638758e-04 2.763090e-05 1.241846e-04 1.266398e+00
1.133018e+01 3.548248e+01 9.572600e+00 1.133018e+01 3.548248e+01 9.572600e+00 1.517822e-04 2.556995e-05 9.253545e-05 1.580431e+00
1.233180e+01 3.540473e+01 9.576298e+00 1.233180e+01 3.540473e+01 9.576298e+00 1.567396e-04 2.833114e-05 1.094274e-04 1.454350e+00
7.380289e+00 3.596500e+01 8.053264e+00 7.380289e+00 3.596500e+01 8.053264e+00 1.632897e-04 2.921298e-06 2.962289e-05 6.785537e-01
8.747794e+00 3.679035e+01 7.536427e+00 8.747794e+00 3.679035e+01 7.536427e+00 1.735470e-04 -7.102378e-06 4.173113e-05 7.326948e-01
1.210656e+01 3.727786e+01 6.103932e+00 1.210656e+01 3.727786e+01 6.103932e+00 1.767849e-04 -3.484084e-05 6.459363e-05 8.354807e-01
1.033797e+01 3.725873e+01 6.834085e+00 1.033797e+01 3.725873e+01 6.834085e+00 1.799269e-04 -2.234556e-05 5.407637e-05 8.359671e-01
1.147907e+01 3.727106e+01 6.856760e+00 1.147907e+01 3.727106e+01 6.856760e+00 1.743442e-04 -2.160705e-05 6.467054e-05 8.447145e-01
1.034302e+01 3.662728e+01 8.324501e+00 1.034302e+01 3.662728e+01 8.324501e+00 1.607256e-04 6.634571e-06 6.744524e-05 6.884026e-01
1.088786e+01 3.704315e+01 7.611945e+00 1.088786e+01 3.704315e+01 7.611945e+00 1.697565e-04 -7.657247e-06 6.626758e-05 7.484417e-01
1.431914e+01 3.603151e+01 8.263237e+00 1.431914e+01 3.603151e+01 8.263237e+00 1.452241e-04 7.983695e-06 1.100797e-04 5.717895e-01
1.303323e+01 3.684117e+01 7.634030e+00 1.303323e+01 3.684117e+01 7.634030e+00 1.610449e-04 -5.314101e-06 8.557212e-05 7.227118e-01
1.340532e+01 3.636846e+01 8.337884e+00 1.340532e+01 3.636846e+01 8.337884e+00 1.526773e-04 1.221774e-05 1.020326e-04 6.277482e-01
1.138715e+01 3.664306e+01 8.352738e+00 1.138715e+01 3.664306e+01 8.352738e+00 1.596408e-04 8.786694e-06 8.028284e-05 6.901722e-01
1.241721e+01 3.656263e+01 8.362946e+00 1.241721e+01 3.656263e+01 8.362946e+00 1.571489e-04 1.164000e-05 9.174467e-05 6.722291e-01
1.383495e+01 2.418080e+01 3.990909e+00 1.383495e+01 2.418080e+01 3.990909e+00 1.855480e-04 -3.447601e-06 1.039159e-04 5.131367e-01
1.374632e+01 3.574081e+01 8.941261e+00 1.374632e+01 3.574081e+01 8.941261e+00 1.571751e-04 2.222153e-05 1.182763e-04 7.062755e-01
