1 0 3 2 642
8.388571e+02 5.576276e+02 4.593341e-01 6.878618e-02
2.170219e+00 2.791154e+01 6.634712e+00 2.170219e+00 2.791154e+01 6.634712e+00 -1.360435e-06 -2.635484e-05 -2.256800e-06 1.653581e+00
1.542175e+01 2.781612e+01 6.573046e+00 1.542175e+01 2.781612e+01 6.573046e+00 3.264905e-07 -1.258911e-05 -4.684150e-07 1.521390e+00
2.036702e+00 3.206240e+01 2.743914e+00 2.036702e+00 3.206240e+01 2.743914e+00 -3.481437e-06 -1.609160e-05 8.783070e-07 7.113507e-01
1.531776e+01 3.195579e+01 2.724009e+00 1.531776e+01 3.195579e+01 2.724009e+00 -4.346067e-07 -8.025835e-06 3.501431e-07 3.171902e-01
8.745305e+00 2.315635e+01 6.650212e+00 8.745305e+00 2.315635e+01 6.650212e+00 5.722559e-06 -2.494978e-05 -2.227303e-06 1.643055e+00
8.656879e+00 2.969555e+01 2.570002e+00 8.656879e+00 2.969555e+01 2.570002e+00 -2.347414e-07 -2.888174e-06 5.550864e-08 2.743847e+00
8.819465e+00 3.020693e+01 6.795517e+00 8.819465e+00 3.020693e+01 6.795517e+00 -2.953625e-06 -2.572038e-05 -1.083239e-07 1.689430e+01
8.666263e+00 3.674036e+01 2.631701e+00 8.666263e+00 3.674036e+01 2.631701e+00 -3.974541e-06 -4.258613e-06 2.553683e-06 5.163620e-01
4.524057e+00 2.418482e+01 2.837369e+00 4.524057e+00 2.418482e+01 2.837369e+00 9.410989e-06 -1.684101e-05 -3.343126e-06 7.039359e-01
4.552546e+00 3.575395e+01 6.516001e+00 4.552546e+00 3.575395e+01 6.516001e+00 -2.711205e-07 -2.322308e-05 2.644950e-06 1.337040e+00
1.274671e+01 2.414247e+01 2.742584e+00 1.274671e+01 2.414247e+01 2.742584e+00 -2.865932e-06 -5.571197e-06 -4.341812e-06 6.550691e-01
1.279914e+01 3.579791e+01 6.531993e+00 1.279914e+01 3.579791e+01 6.531993e+00 -1.084185e-05 -1.867778e-05 3.951500e-06 1.205473e+00
2.618928e-01 3.000104e+01 4.754714e+00 2.618928e-01 3.000104e+01 4.754714e+00 9.348588e-07 -2.317220e-05 -1.593983e-06 1.037565e+00
5.062157e+00 2.501731e+01 6.772157e+00 5.062157e+00 2.501731e+01 6.772157e+00 1.595227e-06 -2.799867e-05 -2.226344e-06 2.548350e+00
5.481169e+00 2.909748e+01 6.866917e+00 5.481169e+00 2.909748e+01 6.866917e+00 -1.775868e-06 -2.746854e-05 1.827915e-07 9.276855e+00
1.895462e+00 2.500766e+01 4.845248e+00 1.895462e+00 2.500766e+01 4.845248e+00 5.127674e-06 -2.290725e-05 -6.879235e-06 1.017836e+00
2.715489e+00 3.204820e+01 6.725594e+00 2.715489e+00 3.204820e+01 6.725594e+00 -8.639455e-07 -2.558197e-05 1.431177e-07 2.101965e+00
1.727533e+01 2.989027e+01 4.618531e+00 1.727533e+01 2.989027e+01 4.618531e+00 -1.638231e-06 -9.244486e-06 6.529356e-07 6.588219e-01
1.239020e+01 2.493056e+01 6.764510e+00 1.239020e+01 2.493056e+01 6.764510e+00 2.521757e-06 -2.067389e-05 -1.567733e-06 2.403276e+00
1.213067e+01 2.903555e+01 6.873001e+00 1.213067e+01 2.903555e+01 6.873001e+00 -2.122484e-06 -2.188456e-05 1.337074e-07 8.584088e+00
1.530431e+01 2.494603e+01 4.742181e+00 1.530431e+01 2.494603e+01 4.742181e+00 -2.162966e-06 -6.770215e-06 -6.178975e-06 7.915486e-01
1.489528e+01 3.193281e+01 6.685255e+00 1.489528e+01 3.193281e+01 6.685255e+00 -6.219191e-06 -1.773823e-05 1.673577e-06 1.906625e+00
5.324943e+00 3.083682e+01 2.465521e+00 5.324943e+00 3.083682e+01 2.465521e+00 3.270695e-08 -8.625550e-06 3.846850e-06 1.782257e+00
4.910441e+00 3.494603e+01 2.591361e+00 4.910441e+00 3.494603e+01 2.591361e+00 -4.937307e-06 -8.810159e-06 2.044162e-06 7.299621e-01
2.544375e+00 2.790435e+01 2.674789e+00 2.544375e+00 2.790435e+01 2.674789e+00 5.589897e-06 -1.604302e-05 -9.309814e-07 6.554055e-01
1.846686e+00 3.491548e+01 4.614257e+00 1.846686e+00 3.491548e+01 4.614257e+00 -2.948978e-06 -2.010197e-05 5.074613e-06 1.050354e+00
1.198398e+01 3.084067e+01 2.476635e+00 1.198398e+01 3.084067e+01 2.476635e+00 -1.135638e-06 -2.112453e-06 -1.020458e-05 1.878334e+00
1.230890e+01 3.492494e+01 2.542552e+00 1.230890e+01 3.492494e+01 2.542552e+00 -2.531248e-06 -3.031491e-06 1.998398e-06 5.377525e-01
1.477078e+01 2.788100e+01 2.622808e+00 1.477078e+01 2.788100e+01 2.622808e+00 -2.347033e-06 -3.556750e-06 -1.484461e-06 3.647628e-01
1.528578e+01 3.484133e+01 4.540474e+00 1.528578e+01 3.484133e+01 4.540474e+00 -7.933588e-06 -1.421609e-05 6.845892e-06 4.124519e-01
8.764865e+00 2.668545e+01 6.863562e+00 8.764865e+00 2.668545e+01 6.863562e+00 1.388020e-07 -2.552820e-05 3.510174e-07 9.706211e+00
6.069735e+00 2.195263e+01 4.884885e+00 6.069735e+00 2.195263e+01 4.884885e+00 9.675844e-06 -2.154207e-05 -8.086166e-06 1.013429e+00
1.135202e+01 2.187234e+01 4.827905e+00 1.135202e+01 2.187234e+01 4.827905e+00 4.886643e-06 -1.556246e-05 -8.824036e-06 1.020691e+00
8.607017e+00 3.321952e+01 2.443307e+00 8.607017e+00 3.321952e+01 2.443307e+00 -2.718881e-06 -3.629652e-06 -4.098767e-07 1.850694e+00
6.580177e+00 2.684991e+01 2.437040e+00 6.580177e+00 2.684991e+01 2.437040e+00 1.306444e-06 -3.811440e-06 6.653121e-07 1.623119e+00
1.077373e+01 2.686641e+01 2.440295e+00 1.077373e+01 2.686641e+01 2.440295e+00 -4.401271e-06 7.106333e-06 1.605941e-05 1.651087e+00
6.723166e+00 3.302368e+01 6.878478e+00 6.723166e+00 3.302368e+01 6.878478e+00 -3.047001e-06 -2.611428e-05 -3.181987e-07 8.191268e+00
1.089984e+01 3.304960e+01 6.882885e+00 1.089984e+01 3.304960e+01 6.882885e+00 -5.208171e-06 -2.448573e-05 -3.585267e-07 7.964953e+00
6.068460e+00 3.798039e+01 4.468298e+00 6.068460e+00 3.798039e+01 4.468298e+00 -4.489776e-06 -1.490389e-05 7.620133e-06 1.077343e+00
1.131196e+01 3.801548e+01 4.430433e+00 1.131196e+01 3.801548e+01 4.430433e+00 -6.405740e-06 -1.053873e-05 9.001740e-06 1.039467e+00
8.673007e+00 2.332724e+01 2.668089e+00 8.673007e+00 2.332724e+01 2.668089e+00 4.303347e-06 -5.800356e-06 -4.714762e-06 6.527843e-01
8.725616e+00 3.655688e+01 6.641345e+00 8.725616e+00 3.655688e+01 6.641345e+00 -5.985623e-06 -2.327633e-05 3.249724e-06 1.701234e+00
8.475721e-01 2.886646e+01 5.970965e+00 8.475721e-01 2.886646e+01 5.970965e+00 -6.254516e-08 -2.527803e-05 -3.049801e-06 9.745815e-01
3.433427e+00 2.641167e+01 6.761156e+00 3.433427e+00 2.641167e+01 6.761156e+00 -5.892314e-07 -2.737750e-05 -2.199319e-06 2.259919e+00
3.795055e+00 2.851308e+01 6.911834e+00 3.795055e+00 2.851308e+01 6.911834e+00 -1.415042e-06 -2.781169e-05 -1.288851e-07 4.532538e+00
1.687224e+00 2.633550e+01 5.998356e+00 1.687224e+00 2.633550e+01 5.998356e+00 8.549719e-07 -2.560268e-05 -5.068243e-06 9.965126e-01
2.265603e+00 2.990678e+01 6.739134e+00 2.265603e+00 2.990678e+01 6.739134e+00 -1.284542e-06 -2.644194e-05 -7.463140e-07 2.052574e+00
1.672497e+01 2.879461e+01 5.883506e+00 1.672497e+01 2.879461e+01 5.883506e+00 -1.404948e-06 -9.588886e-06 2.554878e-07 7.984110e-01
1.407958e+01 2.628909e+01 6.727911e+00 1.407958e+01 2.628909e+01 6.727911e+00 8.207640e-07 -1.752884e-05 -1.267363e-06 2.053704e+00
1.380089e+01 2.839851e+01 6.912509e+00 1.380089e+01 2.839851e+01 6.912509e+00 -1.446961e-06 -1.938486e-05 3.895538e-07 4.106366e+00
1.572671e+01 2.623701e+01 5.869297e+00 1.572671e+01 2.623701e+01 5.869297e+00 -1.332320e-06 -1.074853e-05 -2.550580e-06 9.278513e-01
1.532799e+01 2.979822e+01 6.719189e+00 1.532799e+01 2.979822e+01 6.719189e+00 -3.417632e-06 -1.529474e-05 1.403056e-06 1.706437e+00
3.634898e+00 3.142519e+01 2.405373e+00 3.634898e+00 3.142519e+01 2.405373e+00 -1.672978e-06 -8.586571e-06 2.201448e-06 9.227641e-01
3.291460e+00 3.355444e+01 2.599724e+00 3.291460e+00 3.355444e+01 2.599724e+00 -5.133986e-06 -1.303194e-05 1.873399e-06 7.125625e-01
2.098357e+00 3.004992e+01 2.646225e+00 2.098357e+00 3.004992e+01 2.646225e+00 2.843495e-07 -1.549962e-05 -7.011662e-07 6.724509e-01
1.580795e+00 3.362446e+01 3.432470e+00 1.580795e+00 3.362446e+01 3.432470e+00 -4.349001e-06 -1.771252e-05 3.298027e-06 9.316378e-01
1.367170e+01 3.142217e+01 2.404243e+00 1.367170e+01 3.142217e+01 2.404243e+00 2.139759e-06 6.179098e-06 -1.137266e-05 7.787785e-01
1.400996e+01 3.350388e+01 2.596657e+00 1.400996e+01 3.350388e+01 2.596657e+00 -1.803548e-06 -4.238625e-06 -4.732640e-06 4.622427e-01
1.522339e+01 2.998761e+01 2.581233e+00 1.522339e+01 2.998761e+01 2.581233e+00 -1.902109e-06 -5.489151e-06 -3.260410e-06 3.805204e-01
1.568480e+01 3.352263e+01 3.435566e+00 1.568480e+01 3.352263e+01 3.435566e+00 -4.771595e-06 -9.551093e-06 3.245380e-06 3.124982e-01
8.740723e+00 2.489653e+01 6.909601e+00 8.740723e+00 2.489653e+01 6.909601e+00 2.319535e-06 -2.549179e-05 1.600427e-07 4.827931e+00
7.393199e+00 2.219990e+01 6.035269e+00 7.393199e+00 2.219990e+01 6.035269e+00 7.470390e-06 -2.475427e-05 -5.404025e-06 9.166172e-01
1.007011e+01 2.216461e+01 6.021940e+00 1.007011e+01 2.216461e+01 6.021940e+00 6.725610e-06 -2.168985e-05 -5.294115e-06 8.546138e-01
8.645626e+00 3.143833e+01 2.540909e+00 8.645626e+00 3.143833e+01 2.540909e+00 -1.552254e-06 -3.122842e-06 -5.617740e-07 2.555887e+00
7.622484e+00 2.829856e+01 2.529063e+00 7.622484e+00 2.829856e+01 2.529063e+00 1.341351e-06 -3.868467e-06 7.366954e-07 2.433003e+00
9.703675e+00 2.830345e+01 2.531577e+00 9.703675e+00 2.830345e+01 2.531577e+00 -6.274523e-07 -2.845020e-06 1.202765e-06 2.470685e+00
7.789052e+00 3.160273e+01 6.818429e+00 7.789052e+00 3.160273e+01 6.818429e+00 -2.905519e-06 -2.580497e-05 -2.284696e-07 1.376946e+01
9.845064e+00 3.161047e+01 6.820640e+00 9.845064e+00 3.161047e+01 6.820640e+00 -4.207781e-06 -2.491901e-05 -2.932960e-07 1.351374e+01
7.344751e+00 3.772126e+01 3.273443e+00 7.344751e+00 3.772126e+01 3.273443e+00 -5.001179e-06 -7.978658e-06 5.726231e-06 8.274268e-01
1.000395e+01 3.772565e+01 3.255358e+00 1.000395e+01 3.772565e+01 3.255358e+00 -4.746885e-06 -5.864952e-06 6.229444e-06 7.409217e-01
6.470540e+00 2.354687e+01 2.697741e+00 6.470540e+00 2.354687e+01 2.697741e+00 9.846824e-06 -1.090832e-05 -4.790045e-06 6.662648e-01
6.502939e+00 3.631466e+01 6.644066e+00 6.502939e+00 3.631466e+01 6.644066e+00 -1.989839e-06 -2.389007e-05 2.724347e-06 1.609390e+00
7.462762e-01 3.112355e+01 3.485312e+00 7.462762e-01 3.112355e+01 3.485312e+00 -1.000339e-06 -1.950910e-05 6.729811e-07 9.312869e-01
1.030624e+00 3.123610e+01 6.008463e+00 1.030624e+00 3.123610e+01 6.008463e+00 -2.879370e-07 -2.459393e-05 -2.347263e-07 9.596570e-01
6.880442e-01 3.257019e+01 4.696703e+00 6.880442e-01 3.257019e+01 4.696703e+00 -1.281665e-06 -2.156735e-05 2.417810e-06 1.057545e+00
7.069326e-01 2.739488e+01 4.799618e+00 7.069326e-01 2.739488e+01 4.799618e+00 3.031664e-06 -2.339304e-05 -4.859467e-06 9.473777e-01
9.200870e-01 2.873641e+01 3.471633e+00 9.200870e-01 2.873641e+01 3.471633e+00 3.362280e-06 -2.033292e-05 -2.417949e-06 8.107319e-01
6.910542e+00 2.390375e+01 6.767059e+00 6.910542e+00 2.390375e+01 6.767059e+00 4.049311e-06 -2.720497e-05 -1.868345e-06 2.297041e+00
3.251501e+00 2.456174e+01 6.106756e+00 3.251501e+00 2.456174e+01 6.106756e+00 2.920316e-06 -2.649628e-05 -5.976138e-06 1.014664e+00
5.222686e+00 2.313959e+01 6.123389e+00 5.222686e+00 2.313959e+01 6.123389e+00 5.645741e-06 -2.651195e-05 -5.932912e-06 9.837161e-01
5.239199e+00 2.704858e+01 6.894998e+00 5.239199e+00 2.704858e+01 6.894998e+00 -5.640544e-07 -2.789599e-05 -4.440864e-08 5.982633e+00
6.910549e+00 2.582922e+01 6.893398e+00 6.910549e+00 2.582922e+01 6.893398e+00 8.906317e-07 -2.716693e-05 6.795503e-08 6.125523e+00
7.168542e+00 2.966290e+01 6.811660e+00 7.168542e+00 2.966290e+01 6.811660e+00 -2.326445e-06 -2.675373e-05 4.993211e-08 1.471594e+01
7.021028e+00 2.774944e+01 6.845128e+00 7.021028e+00 2.774944e+01 6.845128e+00 -9.325160e-07 -2.694407e-05 2.547913e-07 1.111598e+01
4.075828e+00 3.057332e+01 6.894636e+00 4.075828e+00 3.057332e+01 6.894636e+00 -1.719952e-06 -2.704778e-05 -3.703005e-08 5.430832e+00
5.927099e+00 3.111618e+01 6.852569e+00 5.927099e+00 3.111618e+01 6.852569e+00 -2.272102e-06 -2.679674e-05 -8.582228e-08 1.012819e+01
2.937675e+00 2.424885e+01 3.628088e+00 2.937675e+00 2.424885e+01 3.628088e+00 8.702902e-06 -1.890502e-05 -5.706102e-06 9.437591e-01
1.672798e+00 2.635228e+01 3.518121e+00 1.672798e+00 2.635228e+01 3.518121e+00 6.838607e-06 -1.966333e-05 -4.464469e-06 8.035240e-01
3.758953e+00 2.316195e+01 4.902685e+00 3.758953e+00 2.316195e+01 4.902685e+00 7.996089e-06 -2.276809e-05 -8.318519e-06 1.038014e+00
3.514680e+00 3.407449e+01 6.692153e+00 3.514680e+00 3.407449e+01 6.692153e+00 6.475878e-09 -2.433312e-05 1.131169e-06 1.778494e+00
4.693468e+00 3.258007e+01 6.897213e+00 4.693468e+00 3.258007e+01 6.897213e+00 -1.931222e-06 -2.643078e-05 -1.855567e-07 5.076649e+00
1.746669e+00 3.357474e+01 5.949301e+00 1.746669e+00 3.357474e+01 5.949301e+00 -3.644236e-07 -2.339141e-05 2.458506e-06 9.502608e-01
1.664961e+01 3.098735e+01 3.383862e+00 1.664961e+01 3.098735e+01 3.383862e+00 -1.506475e-06 -8.924964e-06 1.030966e-06 4.038304e-01
1.664452e+01 2.739276e+01 4.695129e+00 1.664452e+01 2.739276e+01 4.695129e+00 -3.474913e-06 -6.021139e-06 -3.023467e-06 5.588326e-01
1.646510e+01 2.868235e+01 3.362145e+00 1.646510e+01 2.868235e+01 3.362145e+00 -2.115962e-06 -5.452591e-06 -1.615288e-06 3.865229e-01
1.654244e+01 3.109657e+01 5.908178e+00 1.654244e+01 3.109657e+01 5.908178e+00 -4.533246e-06 -1.409807e-05 2.617906e-06 8.639054e-01
1.664120e+01 3.238782e+01 4.578758e+00 1.664120e+01 3.238782e+01 4.578758e+00 -6.579464e-06 -1.275105e-05 4.557233e-06 5.263521e-01
1.056993e+01 2.386520e+01 6.763216e+00 1.056993e+01 2.386520e+01 6.763216e+00 4.378893e-06 -2.314362e-05 -1.446796e-06 2.170280e+00
1.230550e+01 2.697365e+01 6.898320e+00 1.230550e+01 2.697365e+01 6.898320e+00 3.408732e-08 -2.125626e-05 1.617876e-07 5.604955e+00
1.058812e+01 2.579511e+01 6.895000e+00 1.058812e+01 2.579511e+01 6.895000e+00 1.367556e-06 -2.346956e-05 2.180345e-07 5.936574e+00
1.412177e+01 2.442200e+01 6.042449e+00 1.412177e+01 2.442200e+01 6.042449e+00 2.159010e-06 -1.548657e-05 -5.525868e-06 1.113676e+00
1.222186e+01 2.303747e+01 6.088813e+00 1.222186e+01 2.303747e+01 6.088813e+00 4.428494e-06 -1.927567e-05 -5.356628e-06 8.623516e-01
1.045887e+01 2.964042e+01 6.814714e+00 1.045887e+01 2.964042e+01 6.814714e+00 -2.615083e-06 -2.405111e-05 -4.566103e-08 1.416643e+01
1.353251e+01 3.049511e+01 6.899241e+00 1.353251e+01 3.049511e+01 6.899241e+00 -4.149703e-06 -1.984983e-05 3.661096e-07 4.947030e+00
1.169799e+01 3.109493e+01 6.858005e+00 1.169799e+01 3.109493e+01 6.858005e+00 -4.201462e-06 -2.275417e-05 -1.497826e-07 9.477248e+00
1.054892e+01 2.772039e+01 6.847790e+00 1.054892e+01 2.772039e+01 6.847790e+00 -8.188650e-07 -2.369875e-05 2.173625e-07 1.068844e+01
1.433999e+01 2.413902e+01 3.510496e+00 1.433999e+01 2.413902e+01 3.510496e+00 -2.758059e-06 -7.029795e-06 -5.545434e-06 6.457213e-01
1.363934e+01 2.303109e+01 4.810654e+00 1.363934e+01 2.303109e+01 4.810654e+00 1.590724e-06 -1.245538e-05 -8.029825e-06 9.254436e-01
1.563594e+01 2.636203e+01 3.461646e+00 1.563594e+01 2.636203e+01 3.461646e+00 -3.621946e-06 -4.511463e-06 -3.336850e-06 4.115130e-01
1.405750e+01 3.409795e+01 6.636116e+00 1.405750e+01 3.409795e+01 6.636116e+00 -8.864913e-06 -1.805224e-05 2.152883e-06 1.685945e+00
1.568560e+01 3.344419e+01 5.824570e+00 1.568560e+01 3.344419e+01 5.824570e+00 -8.651887e-06 -1.561579e-05 4.277397e-06 7.544477e-01
1.296330e+01 3.252906e+01 6.897235e+00 1.296330e+01 3.252906e+01 6.897235e+00 -6.392931e-06 -2.058823e-05 9.746010e-08 4.711417e+00
7.007532e+00 3.025080e+01 2.545767e+00 7.007532e+00 3.025080e+01 2.545767e+00 -6.418010e-07 -4.889404e-06 4.870081e-07 2.517063e+00
5.089657e+00 3.290714e+01 2.446242e+00 5.089657e+00 3.290714e+01 2.446242e+00 -2.380769e-06 -5.585684e-06 1.025488e-05 1.198348e+00
6.865303e+00 3.216998e+01 2.500650e+00 6.865303e+00 3.216998e+01 2.500650e+00 -2.515765e-06 -5.148446e-06 6.292711e-07 2.059296e+00
3.904812e+00 2.938447e+01 2.442143e+00 3.904812e+00 2.938447e+01 2.442143e+00 1.054094e-06 -1.062739e-05 1.295041e-06 1.092797e+00
5.758018e+00 2.879930e+01 2.486193e+00 5.758018e+00 2.879930e+01 2.486193e+00 1.397806e-06 -6.838707e-06 2.056538e-07 1.937051e+00
6.782316e+00 3.603074e+01 2.554103e+00 6.782316e+00 3.603074e+01 2.554103e+00 -3.897371e-06 -5.930656e-06 1.121440e-06 6.371750e-01
3.141116e+00 3.539840e+01 3.313706e+00 3.141116e+00 3.539840e+01 3.313706e+00 -5.367017e-06 -1.460736e-05 4.467928e-06 8.249317e-01
5.140773e+00 3.681566e+01 3.255951e+00 5.140773e+00 3.681566e+01 3.255951e+00 -5.064434e-06 -1.090966e-05 4.995907e-06 8.045713e-01
6.725429e+00 3.409469e+01 2.431215e+00 6.725429e+00 3.409469e+01 2.431215e+00 -4.657837e-06 -7.792830e-06 3.267300e-06 1.199075e+00
3.383740e+00 2.584000e+01 2.704135e+00 3.383740e+00 2.584000e+01 2.704135e+00 8.894505e-06 -1.637342e-05 -1.782258e-06 6.317932e-01
4.495260e+00 2.738076e+01 2.446873e+00 4.495260e+00 2.738076e+01 2.446873e+00 6.184660e-06 -1.366807e-05 2.775026e-06 1.030217e+00
2.944328e+00 3.564312e+01 5.796117e+00 2.944328e+00 3.564312e+01 5.796117e+00 -1.033842e-06 -2.235131e-05 4.453268e-06 9.725277e-01
3.727784e+00 3.676948e+01 4.526442e+00 3.727784e+00 3.676948e+01 4.526442e+00 -3.656878e-06 -1.769652e-05 6.571708e-06 9.947816e-01
1.030318e+01 3.025590e+01 2.544203e+00 1.030318e+01 3.025590e+01 2.544203e+00 -6.669200e-07 -2.525880e-06 3.586874e-07 2.562563e+00
1.340455e+01 2.937318e+01 2.424247e+00 1.340455e+01 2.937318e+01 2.424247e+00 2.018816e-06 -2.647415e-07 7.639910e-06 1.022122e+00
1.156111e+01 2.880377e+01 2.489598e+00 1.156111e+01 2.880377e+01 2.489598e+00 -5.301607e-07 -2.472576e-06 -7.381962e-07 2.008603e+00
1.219972e+01 3.290861e+01 2.433551e+00 1.219972e+01 3.290861e+01 2.433551e+00 1.015424e-05 1.022823e-05 5.617969e-05 1.173464e+00
1.041639e+01 3.217463e+01 2.481059e+00 1.041639e+01 3.217463e+01 2.481059e+00 -1.562141e-06 -2.740106e-06 2.627005e-07 2.118512e+00
1.047578e+01 3.601591e+01 2.514146e+00 1.047578e+01 3.601591e+01 2.514146e+00 -3.094688e-06 -3.086529e-06 1.983119e-06 5.094601e-01
1.046357e+01 3.409297e+01 2.392488e+00 1.046357e+01 3.409297e+01 2.392488e+00 -5.721770e-07 -2.561911e-06 2.014130e-06 1.173511e+00
1.407315e+01 3.537556e+01 3.256621e+00 1.407315e+01 3.537556e+01 3.256621e+00 -3.556579e-06 -6.906155e-06 5.875594e-06 4.534937e-01
1.215848e+01 3.681798e+01 3.188146e+00 1.215848e+01 3.681798e+01 3.188146e+00 -4.164514e-06 -5.165334e-06 6.039201e-06 5.845884e-01
1.395703e+01 2.580798e+01 2.659544e+00 1.395703e+01 2.580798e+01 2.659544e+00 -3.025453e-06 -4.723983e-06 -2.195495e-06 3.836692e-01
1.279710e+01 2.733850e+01 2.443623e+00 1.279710e+01 2.733850e+01 2.443623e+00 -3.271988e-06 -2.750828e-06 9.364618e-06 9.108372e-01
1.436120e+01 3.575104e+01 5.733559e+00 1.436120e+01 3.575104e+01 5.733559e+00 -1.003422e-05 -1.520989e-05 5.756441e-06 6.464486e-01
1.361430e+01 3.681873e+01 4.437538e+00 1.361430e+01 3.681873e+01 4.437538e+00 -6.761245e-06 -1.056057e-05 8.208781e-06 7.150397e-01
8.795272e+00 2.846790e+01 6.809590e+00 8.795272e+00 2.846790e+01 6.809590e+00 -1.535144e-06 -2.561066e-05 1.369159e-07 1.508957e+01
5.053487e+00 2.268963e+01 3.633699e+00 5.053487e+00 2.268963e+01 3.633699e+00 1.151496e-05 -1.763535e-05 -7.120469e-06 9.623366e-01
8.712174e+00 2.153379e+01 4.867837e+00 8.712174e+00 2.153379e+01 4.867837e+00 7.993235e-06 -1.856474e-05 -8.186071e-06 9.522247e-01
7.434733e+00 2.208304e+01 3.558778e+00 7.434733e+00 2.208304e+01 3.558778e+00 9.401310e-06 -1.364248e-05 -7.714937e-06 8.866383e-01
1.232238e+01 2.261174e+01 3.535795e+00 1.232238e+01 2.261174e+01 3.535795e+00 3.062146e-07 -8.666985e-06 -8.374556e-06 8.989533e-01
9.949474e+00 2.205401e+01 3.523034e+00 9.949474e+00 2.205401e+01 3.523034e+00 4.631939e-06 -1.021396e-05 -8.572705e-06 9.209890e-01
8.554359e+00 3.500417e+01 2.369235e+00 8.554359e+00 3.500417e+01 2.369235e+00 -2.512483e-06 -3.788047e-06 5.980085e-08 8.959668e-01
5.361357e+00 2.560751e+01 2.431712e+00 5.361357e+00 2.560751e+01 2.431712e+00 -8.594854e-06 -2.097901e-05 -4.617609e-05 8.291184e-01
8.675425e+00 2.669025e+01 2.456352e+00 8.675425e+00 2.669025e+01 2.456352e+00 -3.951624e-07 -2.553576e-06 4.198888e-06 1.861416e+00
7.628713e+00 2.506144e+01 2.408304e+00 7.628713e+00 2.506144e+01 2.408304e+00 -3.937686e-07 -1.708927e-06 2.304807e-06 9.866761e-01
1.162293e+01 2.532566e+01 2.402305e+00 1.162293e+01 2.532566e+01 2.402305e+00 -5.945516e-06 -4.044888e-06 9.692760e-06 6.400521e-01
9.684061e+00 2.504808e+01 2.399864e+00 9.684061e+00 2.504808e+01 2.399864e+00 7.709563e-06 -1.304043e-05 -2.042886e-05 9.306548e-01
5.642177e+00 3.444143e+01 6.904294e+00 5.642177e+00 3.444143e+01 6.904294e+00 -2.832407e-06 -2.614388e-05 1.114965e-07 3.700950e+00
8.803313e+00 3.322839e+01 6.860300e+00 8.803313e+00 3.322839e+01 6.860300e+00 -3.897182e-06 -2.505616e-05 -3.629399e-07 9.319434e+00
7.709693e+00 3.482324e+01 6.891110e+00 7.709693e+00 3.482324e+01 6.891110e+00 -3.825577e-06 -2.552725e-05 1.620174e-07 4.652430e+00
1.213169e+01 3.433403e+01 6.904414e+00 1.213169e+01 3.433403e+01 6.904414e+00 -7.976385e-06 -2.068091e-05 4.427332e-07 3.621623e+00
9.847231e+00 3.483823e+01 6.893652e+00 9.847231e+00 3.483823e+01 6.893652e+00 -4.434190e-06 -2.472497e-05 2.075862e-07 4.592347e+00
5.095356e+00 3.723502e+01 5.736939e+00 5.095356e+00 3.723502e+01 5.736939e+00 -2.009294e-06 -2.086182e-05 5.896160e-06 9.653982e-01
8.677750e+00 3.837345e+01 4.436312e+00 8.677750e+00 3.837345e+01 4.436312e+00 -5.691548e-06 -1.200382e-05 8.317444e-06 1.096208e+00
7.446335e+00 3.780823e+01 5.783919e+00 7.446335e+00 3.780823e+01 5.783919e+00 -4.406761e-06 -1.959273e-05 6.642280e-06 9.615292e-01
1.232738e+01 3.730353e+01 5.709415e+00 1.232738e+01 3.730353e+01 5.709415e+00 -9.178013e-06 -1.607799e-05 7.889917e-06 8.794343e-01
9.942549e+00 3.785489e+01 5.761036e+00 9.942549e+00 3.785489e+01 5.761036e+00 -7.372020e-06 -1.783727e-05 7.560925e-06 9.913505e-01
1.086907e+01 2.351943e+01 2.650934e+00 1.086907e+01 2.351943e+01 2.650934e+00 3.418111e-07 -4.721167e-06 -3.583851e-06 6.690200e-01
1.090239e+01 3.641723e+01 6.634092e+00 1.090239e+01 3.641723e+01 6.634092e+00 -9.485348e-06 -2.126495e-05 3.601261e-06 1.527861e+00
1.454822e+00 2.836928e+01 6.383504e+00 1.454822e+00 2.836928e+01 6.383504e+00 -8.827683e-07 -2.589034e-05 -2.794512e-06 1.170737e+00
2.753690e+00 2.715929e+01 6.723257e+00 2.753690e+00 2.715929e+01 6.723257e+00 -1.155134e-06 -2.680763e-05 -2.157701e-06 1.966181e+00
2.967221e+00 2.820582e+01 6.849114e+00 2.967221e+00 2.820582e+01 6.849114e+00 -1.353425e-06 -2.756375e-05 -9.270193e-07 2.805290e+00
1.871717e+00 2.711075e+01 6.392615e+00 1.871717e+00 2.711075e+01 6.392615e+00 -5.113197e-07 -2.614470e-05 -3.559514e-06 1.200117e+00
2.181514e+00 2.887712e+01 6.713437e+00 2.181514e+00 2.887712e+01 6.713437e+00 -1.426242e-06 -2.648046e-05 -1.398037e-06 1.877847e+00
1.611846e+01 2.830973e+01 6.316642e+00 1.611846e+01 2.830973e+01 6.316642e+00 -4.868657e-07 -1.119191e-05 -3.028221e-07 1.072789e+00
1.482659e+01 2.704010e+01 6.665814e+00 1.482659e+01 2.704010e+01 6.665814e+00 1.506882e-06 -1.508047e-05 -1.203074e-06 1.711552e+00
1.462206e+01 2.807278e+01 6.829215e+00 1.462206e+01 2.807278e+01 6.829215e+00 -9.202418e-07 -1.766926e-05 1.985253e-07 2.464780e+00
1.569261e+01 2.702422e+01 6.276651e+00 1.569261e+01 2.702422e+01 6.276651e+00 1.212850e-06 -1.129592e-05 -2.142333e-06 1.091816e+00
1.540455e+01 2.878173e+01 6.685515e+00 1.540455e+01 2.878173e+01 6.685515e+00 -1.396020e-06 -1.380223e-05 6.469879e-07 1.594998e+00
2.809438e+00 3.173416e+01 2.495204e+00 2.809438e+00 3.173416e+01 2.495204e+00 -1.091539e-06 -1.364566e-05 -1.033818e-05 7.070367e-01
2.617112e+00 3.281202e+01 2.640803e+00 2.617112e+00 3.281202e+01 2.640803e+00 -4.403247e-06 -1.492549e-05 1.236112e-06 6.972226e-01
2.027158e+00 3.109065e+01 2.665103e+00 2.027158e+00 3.109065e+01 2.665103e+00 -1.989567e-06 -1.594212e-05 -1.427626e-07 6.765055e-01
1.749778e+00 3.286000e+01 3.009961e+00 1.749778e+00 3.286000e+01 3.009961e+00 -4.058361e-06 -1.685541e-05 1.994947e-06 8.020555e-01
1.451230e+01 3.170108e+01 2.480419e+00 1.451230e+01 3.170108e+01 2.480419e+00 -2.962049e-06 -4.112093e-06 -2.875258e-06 4.963029e-01
1.473284e+01 3.273602e+01 2.646116e+00 1.473284e+01 3.273602e+01 2.646116e+00 -5.372039e-08 -6.452920e-06 9.807357e-07 3.682524e-01
1.529966e+01 3.099378e+01 2.612572e+00 1.529966e+01 3.099378e+01 2.612572e+00 -9.191593e-07 -6.865318e-06 -8.771969e-07 3.566467e-01
1.560834e+01 3.274307e+01 3.017057e+00 1.560834e+01 3.274307e+01 3.017057e+00 -4.419639e-07 -9.208097e-06 2.584604e-06 3.171035e-01
8.740019e+00 2.401093e+01 6.852538e+00 8.740019e+00 2.401093e+01 6.852538e+00 3.939335e-06 -2.544058e-05 -6.412915e-07 2.953987e+00
8.074582e+00 2.262359e+01 6.417989e+00 8.074582e+00 2.262359e+01 6.417989e+00 6.537083e-06 -2.512449e-05 -3.657365e-06 1.130035e+00
9.404803e+00 2.260886e+01 6.414143e+00 9.404803e+00 2.260886e+01 6.414143e+00 6.284490e-06 -2.362000e-05 -3.585882e-06 1.078665e+00
8.653862e+00 3.055882e+01 2.565977e+00 8.653862e+00 3.055882e+01 2.565977e+00 -8.850325e-07 -2.992126e-06 -3.000380e-07 2.721984e+00
8.147328e+00 2.900135e+01 2.559708e+00 8.147328e+00 2.900135e+01 2.559708e+00 2.157434e-07 -3.135440e-06 -2.113510e-06 2.657445e+00
9.173518e+00 2.900543e+01 2.560304e+00 9.173518e+00 2.900543e+01 2.560304e+00 -6.825406e-07 -2.900684e-06 -7.575189e-07 2.677821e+00
8.310758e+00 3.089970e+01 6.801398e+00 8.310758e+00 3.089970e+01 6.801398e+00 -2.868624e-06 -2.571895e-05 -1.751117e-07 1.598629e+01
9.326495e+00 3.090244e+01 6.802476e+00 9.326495e+00 3.090244e+01 6.802476e+00 -3.591139e-06 -2.531588e-05 -2.137048e-07 1.584343e+01
8.010256e+00 3.728674e+01 2.875406e+00 8.010256e+00 3.728674e+01 2.875406e+00 -4.611442e-06 -5.793238e-06 4.064091e-06 6.312234e-01
9.329444e+00 3.728766e+01 2.866648e+00 9.329444e+00 3.728766e+01 2.866648e+00 -4.306473e-06 -4.742268e-06 4.353142e-06 5.788224e-01
5.441581e+00 2.381303e+01 2.747904e+00 5.441581e+00 2.381303e+01 2.747904e+00 1.068918e-05 -1.378561e-05 -4.665892e-06 6.731668e-01
5.478211e+00 3.606051e+01 6.610899e+00 5.478211e+00 3.606051e+01 6.610899e+00 -7.235704e-07 -2.344957e-05 2.500328e-06 1.472103e+00
3.716031e-01 3.058088e+01 4.083979e+00 3.716031e-01 3.058088e+01 4.083979e+00 3.466903e-07 -2.155248e-05 -3.425443e-07 1.032235e+00
4.824924e-01 3.067013e+01 5.417110e+00 4.824924e-01 3.067013e+01 5.417110e+00 5.388545e-08 -2.376622e-05 -8.410395e-07 9.728415e-01
3.752927e-01 3.129561e+01 4.730329e+00 3.752927e-01 3.129561e+01 4.730329e+00 -2.413669e-07 -2.236240e-05 4.077129e-07 1.053101e+00
3.818607e-01 2.869379e+01 4.776883e+00 3.818607e-01 2.869379e+01 4.776883e+00 1.983033e-06 -2.343165e-05 -3.307714e-06 9.768139e-01
4.247363e-01 2.932165e+01 4.086598e+00 4.247363e-01 2.932165e+01 4.086598e+00 2.023938e-06 -2.205384e-05 -2.150960e-06 9.616189e-01
5.972113e+00 2.441646e+01 6.773427e+00 5.972113e+00 2.441646e+01 6.773427e+00 2.869128e-06 -2.781862e-05 -2.068287e-06 2.491220e+00
4.138581e+00 2.471149e+01 6.527401e+00 4.138581e+00 2.471149e+01 6.527401e+00 2.097629e-06 -2.753205e-05 -4.134960e-06 1.473027e+00
5.074382e+00 2.403767e+01 6.532102e+00 5.074382e+00 2.403767e+01 6.532102e+00 3.433967e-06 -2.757021e-05 -4.041091e-06 1.464063e+00
5.134618e+00 2.602651e+01 6.874474e+00 5.134618e+00 2.602651e+01 6.874474e+00 2.645967e-07 -2.801016e-05 -7.882726e-07 4.140000e+00
5.986392e+00 2.540868e+01 6.874211e+00 5.986392e+00 2.540868e+01 6.874211e+00 1.263633e-06 -2.782803e-05 -7.055311e-07 4.183459e+00
6.326554e+00 2.938253e+01 6.835472e+00 6.326554e+00 2.938253e+01 6.835472e+00 -2.036048e-06 -2.715037e-05 1.287053e-07 1.206556e+01
6.220143e+00 2.839143e+01 6.851443e+00 6.220143e+00 2.839143e+01 6.851443e+00 -1.423295e-06 -2.731459e-05 2.208133e-07 1.056487e+01
4.777001e+00 2.983533e+01 6.885665e+00 4.777001e+00 2.983533e+01 6.885665e+00 -1.801692e-06 -2.735732e-05 9.547804e-08 7.445901e+00
5.659260e+00 3.011390e+01 6.854809e+00 5.659260e+00 3.011390e+01 6.854809e+00 -2.035494e-06 -2.713461e-05 6.014096e-08 1.006676e+01
2.321892e+00 2.454246e+01 4.207926e+00 2.321892e+00 2.454246e+01 4.207926e+00 7.147528e-06 -2.085588e-05 -6.620085e-06 1.022995e+00
1.617739e+00 2.562025e+01 4.159267e+00 1.617739e+00 2.562025e+01 4.159267e+00 6.197560e-06 -2.127783e-05 -6.038450e-06 9.477660e-01
2.750735e+00 2.401791e+01 4.882464e+00 2.750735e+00 2.401791e+01 4.882464e+00 6.646117e-06 -2.300807e-05 -7.854627e-06 1.035036e+00
3.076721e+00 3.309240e+01 6.714457e+00 3.076721e+00 3.309240e+01 6.714457e+00 -4.695658e-07 -2.496382e-05 5.688363e-07 1.977348e+00
3.689783e+00 3.233149e+01 6.858569e+00 3.689783e+00 3.233149e+01 6.858569e+00 -1.267771e-06 -2.600442e-05 -4.013004e-08 3.437686e+00
2.142608e+00 3.280887e+01 6.429706e+00 2.142608e+00 3.280887e+01 6.429706e+00 -3.556158e-07 -2.451825e-05 1.014706e-06 1.238290e+00
1.710068e+01 3.047758e+01 3.963468e+00 1.710068e+01 3.047758e+01 3.963468e+00 -1.609983e-06 -9.279988e-06 7.808750e-07 5.836795e-01
1.711035e+01 2.859992e+01 4.635700e+00 1.711035e+01 2.859992e+01 4.635700e+00 -1.709783e-06 -7.480168e-06 -7.140755e-07 5.180324e-01
1.704177e+01 2.923188e+01 3.951380e+00 1.704177e+01 2.923188e+01 3.951380e+00 -1.447912e-06 -7.544262e-06 -6.040627e-07 5.027603e-01
1.708492e+01 3.054595e+01 5.297882e+00 1.708492e+01 3.054595e+01 5.297882e+00 -2.846765e-06 -1.133990e-05 1.891823e-06 7.422116e-01
1.711030e+01 3.117781e+01 4.614338e+00 1.711030e+01 3.117781e+01 4.614338e+00 -3.174743e-06 -1.126303e-05 2.119136e-06 7.096908e-01
1.149428e+01 2.435378e+01 6.768231e+00 1.149428e+01 2.435378e+01 6.768231e+00 3.435658e-06 -2.194741e-05 -1.471400e-06 2.340636e+00
1.235496e+01 2.594950e+01 6.874290e+00 1.235496e+01 2.594950e+01 6.874290e+00 1.106578e-06 -2.097559e-05 -3.283505e-07 3.904586e+00
1.149336e+01 2.535198e+01 6.874459e+00 1.149336e+01 2.535198e+01 6.874459e+00 2.033470e-06 -2.220392e-05 -3.178297e-07 4.001040e+00
1.327743e+01 2.459116e+01 6.499561e+00 1.327743e+01 2.459116e+01 6.499561e+00 2.627041e-06 -1.852136e-05 -3.441507e-06 1.439501e+00
1.236979e+01 2.394104e+01 6.512364e+00 1.236979e+01 2.394104e+01 6.512364e+00 3.528263e-06 -2.011361e-05 -3.308253e-06 1.345745e+00
1.129341e+01 2.934265e+01 6.840057e+00 1.129341e+01 2.934265e+01 6.840057e+00 -2.381101e-06 -2.300130e-05 2.688355e-08 1.135349e+01
1.283185e+01 2.976679e+01 6.892532e+00 1.283185e+01 2.976679e+01 6.892532e+00 -3.114531e-06 -2.092509e-05 1.735953e-07 6.839993e+00
1.195954e+01 3.007149e+01 6.860654e+00 1.195954e+01 3.007149e+01 6.860654e+00 -3.267068e-06 -2.221390e-05 -8.462381e-09 9.341313e+00
1.137633e+01 2.834459e+01 6.855820e+00 1.137633e+01 2.834459e+01 6.855820e+00 -1.317202e-06 -2.277216e-05 1.605181e-07 9.947712e+00
1.492910e+01 2.444596e+01 4.094451e+00 1.492910e+01 2.444596e+01 4.094451e+00 -2.764502e-06 -7.361440e-06 -5.526635e-06 6.759581e-01
1.457528e+01 2.389571e+01 4.771932e+00 1.457528e+01 2.389571e+01 4.771932e+00 -1.321757e-06 -1.088307e-05 -6.913442e-06 7.911496e-01
1.560325e+01 2.563667e+01 4.047784e+00 1.560325e+01 2.563667e+01 4.047784e+00 -3.449112e-06 -5.423405e-06 -4.611910e-06 6.065554e-01
1.453985e+01 3.304144e+01 6.656713e+00 1.453985e+01 3.304144e+01 6.656713e+00 -7.425873e-06 -1.785069e-05 1.715112e-06 1.922574e+00
1.541800e+01 3.268388e+01 6.341877e+00 1.541800e+01 3.268388e+01 6.341877e+00 -7.110514e-06 -1.694519e-05 2.652646e-06 1.341042e+00
1.395097e+01 3.226690e+01 6.841900e+00 1.395097e+01 3.226690e+01 6.841900e+00 -6.395127e-06 -1.899744e-05 7.651413e-07 3.120409e+00
6.166022e+00 3.053506e+01 2.510802e+00 6.166022e+00 3.053506e+01 2.510802e+00 -1.348814e-06 -5.874231e-06 -1.802884e-06 2.207502e+00
5.210746e+00 3.187348e+01 2.450852e+00 5.210746e+00 3.187348e+01 2.450852e+00 8.050637e-06 -4.153520e-06 4.854205e-05 1.520946e+00
6.067105e+00 3.152822e+01 2.494512e+00 6.067105e+00 3.152822e+01 2.494512e+00 -1.738729e-06 -8.340776e-06 5.570637e-06 1.987829e+00
4.610017e+00 3.011355e+01 2.439767e+00 4.610017e+00 3.011355e+01 2.439767e+00 -3.435693e-06 -8.582442e-06 7.435350e-06 1.452456e+00
5.491401e+00 2.981284e+01 2.481580e+00 5.491401e+00 2.981284e+01 2.481580e+00 4.295606e-07 -8.326433e-06 2.104302e-06 1.919938e+00
5.827005e+00 3.553476e+01 2.573792e+00 5.827005e+00 3.553476e+01 2.573792e+00 -4.561086e-06 -7.426427e-06 2.089530e-06 6.971688e-01
4.005237e+00 3.525396e+01 2.861566e+00 4.005237e+00 3.525396e+01 2.861566e+00 -5.428502e-06 -1.149931e-05 3.258921e-06 7.146114e-01
4.952190e+00 3.592470e+01 2.842805e+00 4.952190e+00 3.592470e+01 2.842805e+00 -5.049675e-06 -9.715211e-06 3.241672e-06 6.989676e-01
5.813015e+00 3.453639e+01 2.470503e+00 5.813015e+00 3.453639e+01 2.470503e+00 1.201888e-06 -8.086128e-06 -2.850931e-05 8.998406e-01
2.908555e+00 2.685090e+01 2.689200e+00 2.908555e+00 2.685090e+01 2.689200e+00 7.595642e-06 -1.649039e-05 -1.170072e-06 6.372072e-01
3.504496e+00 2.762600e+01 2.508101e+00 3.504496e+00 2.762600e+01 2.508101e+00 6.115467e-06 -1.473382e-05 7.345157e-07 7.787839e-01
2.305565e+00 3.536341e+01 5.239078e+00 2.305565e+00 3.536341e+01 5.239078e+00 -1.915875e-06 -2.118378e-05 5.019595e-06 1.006840e+00
2.709297e+00 3.591081e+01 4.568401e+00 2.709297e+00 3.591081e+01 4.568401e+00 -3.379915e-06 -1.902259e-05 5.844349e-06 1.004525e+00
1.114383e+01 3.054004e+01 2.514177e+00 1.114383e+01 3.054004e+01 2.514177e+00 -7.900530e-07 -2.958603e-06 1.392773e-06 2.287324e+00
1.268470e+01 3.011799e+01 2.442669e+00 1.268470e+01 3.011799e+01 2.442669e+00 -1.396109e-07 -3.144807e-06 -3.389832e-06 1.512025e+00
1.181427e+01 2.980941e+01 2.488941e+00 1.181427e+01 2.980941e+01 2.488941e+00 -1.683371e-06 -3.498042e-06 4.363209e-06 2.014474e+00
1.209724e+01 3.188856e+01 2.454720e+00 1.209724e+01 3.188856e+01 2.454720e+00 -4.053842e-06 -4.143808e-06 -2.430199e-05 1.583076e+00
1.123997e+01 3.153629e+01 2.489878e+00 1.123997e+01 3.153629e+01 2.489878e+00 -1.683712e-06 -2.035795e-06 -1.512137e-06 2.072337e+00
1.140124e+01 3.551454e+01 2.520338e+00 1.140124e+01 3.551454e+01 2.520338e+00 -3.072338e-06 -3.142517e-06 1.305788e-06 5.287779e-01
1.139803e+01 3.452078e+01 2.424212e+00 1.139803e+01 3.452078e+01 2.424212e+00 -3.505042e-06 -2.817315e-06 -1.964511e-06 7.926398e-01
1.321399e+01 3.523092e+01 2.807182e+00 1.321399e+01 3.523092e+01 2.807182e+00 -2.751564e-06 -4.325329e-06 3.878259e-06 4.518326e-01
1.229479e+01 3.590960e+01 2.780579e+00 1.229479e+01 3.590960e+01 2.780579e+00 -3.250919e-06 -3.807868e-06 3.912584e-06 4.650148e-01
1.441149e+01 2.680874e+01 2.646875e+00 1.441149e+01 2.680874e+01 2.646875e+00 -2.470938e-06 -4.136444e-06 -1.507706e-06 3.374738e-01
1.380483e+01 2.759181e+01 2.483375e+00 1.380483e+01 2.759181e+01 2.483375e+00 -1.740636e-06 -3.810584e-06 -1.258199e-06 5.576296e-01
1.492939e+01 3.536962e+01 5.182706e+00 1.492939e+01 3.536962e+01 5.182706e+00 -9.373064e-06 -1.409644e-05 5.915742e-06 3.998357e-01
1.455571e+01 3.591905e+01 4.499417e+00 1.455571e+01 3.591905e+01 4.499417e+00 -8.380402e-06 -1.104587e-05 7.109675e-06 3.964747e-01
8.780077e+00 2.757937e+01 6.832703e+00 8.780077e+00 2.757937e+01 6.832703e+00 -7.511536e-07 -2.556532e-05 2.538433e-07 1.249727e+01
5.506581e+00 2.219969e+01 4.231513e+00 5.506581e+00 2.219969e+01 4.231513e+00 1.072384e-05 -1.931940e-05 -8.082049e-06 1.041267e+00
7.366190e+00 2.164650e+01 4.879210e+00 7.366190e+00 2.164650e+01 4.879210e+00 9.043954e-06 -2.013595e-05 -8.114586e-06 9.552095e-01
6.745083e+00 2.184394e+01 4.206781e+00 6.745083e+00 2.184394e+01 4.206781e+00 1.007501e-05 -1.776342e-05 -8.311244e-06 9.836716e-01
1.189550e+01 2.211281e+01 4.150606e+00 1.189550e+01 2.211281e+01 4.150606e+00 2.878460e-06 -1.189748e-05 -9.274611e-06 1.021995e+00
1.065886e+01 2.179024e+01 4.153974e+00 1.065886e+01 2.179024e+01 4.153974e+00 4.570754e-06 -1.312908e-05 -9.147005e-06 1.037446e+00
8.575987e+00 3.411221e+01 2.391446e+00 8.575987e+00 3.411221e+01 2.391446e+00 -3.041605e-06 -3.503829e-06 -2.344562e-07 1.357620e+00
6.130573e+00 2.606939e+01 2.409909e+00 6.130573e+00 2.606939e+01 2.409909e+00 -1.083641e-05 1.390646e-05 -6.712261e-05 1.184917e+00
7.619755e+00 2.673118e+01 2.449897e+00 7.619755e+00 2.673118e+01 2.449897e+00 6.097336e-07 -3.924274e-06 1.496548e-06 1.795535e+00
7.134435e+00 2.594742e+01 2.411946e+00 7.134435e+00 2.594742e+01 2.411946e+00 -1.951749e-06 -3.925723e-07 -1.215051e-05 1.325010e+00
1.137318e+01 2.618858e+01 2.403670e+00 1.137318e+01 2.618858e+01 2.403670e+00 4.018475e-05 -2.268217e-05 8.858814e-05 1.118433e+00
1.028296e+01 2.598100e+01 2.406857e+00 1.028296e+01 2.598100e+01 2.406857e+00 -1.164428e-06 4.722901e-07 -6.165935e-06 1.300141e+00
6.182915e+00 3.373371e+01 6.908512e+00 6.182915e+00 3.373371e+01 6.908512e+00 -2.969307e-06 -2.613002e-05 -2.693019e-07 5.723605e+00
7.754043e+00 3.317501e+01 6.864870e+00 7.754043e+00 3.317501e+01 6.864870e+00 -3.482693e-06 -2.564255e-05 -3.418607e-07 9.068032e+00
7.213581e+00 3.392659e+01 6.894475e+00 7.213581e+00 3.392659e+01 6.894475e+00 -3.460831e-06 -2.580830e-05 -2.673899e-07 6.491784e+00
1.141880e+01 3.378380e+01 6.912744e+00 1.141880e+01 3.378380e+01 6.912744e+00 -3.452209e-06 -2.600213e-05 -1.934824e-07 5.623166e+00
1.037178e+01 3.394987e+01 6.897510e+00 1.037178e+01 3.394987e+01 6.897510e+00 -3.975109e-06 -2.443663e-05 -2.603827e-07 6.377287e+00
5.527437e+00 3.772876e+01 5.134229e+00 5.527437e+00 3.772876e+01 5.134229e+00 -3.349178e-06 -1.814155e-05 7.191146e-06 1.030557e+00
7.347861e+00 3.827200e+01 4.452688e+00 7.347861e+00 3.827200e+01 4.452688e+00 -5.170090e-06 -1.336911e-05 7.882565e-06 1.087805e+00
6.750008e+00 3.806790e+01 5.145168e+00 6.750008e+00 3.806790e+01 5.145168e+00 -4.257096e-06 -1.719014e-05 7.552722e-06 1.036386e+00
1.187669e+01 3.778552e+01 5.096258e+00 1.187669e+01 3.778552e+01 5.096258e+00 -7.666187e-06 -1.343925e-05 8.986583e-06 9.969027e-01
1.063242e+01 3.811357e+01 5.112634e+00 1.063242e+01 3.811357e+01 5.112634e+00 -7.189702e-06 -1.412461e-05 8.882613e-06 1.067116e+00
9.782592e+00 2.336610e+01 2.657138e+00 9.782592e+00 2.336610e+01 2.657138e+00 2.221842e-06 -4.824330e-06 -4.408874e-06 6.550513e-01
9.833445e+00 3.653819e+01 6.640239e+00 9.833445e+00 3.653819e+01 6.640239e+00 -7.930786e-06 -2.221689e-05 3.391320e-06 1.641492e+00
4.297092e-01 2.941733e+01 5.409762e+00 4.297092e-01 2.941733e+01 5.409762e+00 6.240186e-07 -2.422569e-05 -2.580253e-06 9.786804e-01
1.457266e+00 2.944704e+01 6.445081e+00 1.457266e+00 2.944704e+01 6.445081e+00 -9.356961e-07 -2.576504e-05 -1.743136e-06 1.224662e+00
8.636005e-01 3.004377e+01 6.007719e+00 8.636005e-01 3.004377e+01 6.007719e+00 -2.276067e-07 -2.499201e-05 -1.684294e-06 9.621866e-01
1.156773e+00 2.756680e+01 6.001958e+00 1.156773e+00 2.756680e+01 6.001958e+00 3.210189e-07 -2.559009e-05 -4.122289e-06 9.592139e-01
6.363904e-01 2.809757e+01 5.443873e+00 6.363904e-01 2.809757e+01 5.443873e+00 1.253375e-06 -2.458280e-05 -4.037830e-06 9.379216e-01
4.208145e+00 2.568937e+01 6.770526e+00 4.208145e+00 2.568937e+01 6.770526e+00 3.723567e-07 -2.785404e-05 -2.268635e-06 2.466298e+00
2.519416e+00 2.626079e+01 6.473858e+00 2.519416e+00 2.626079e+01 6.473858e+00 -9.749456e-08 -2.665096e-05 -3.798856e-06 1.312412e+00
3.279038e+00 2.545876e+01 6.512680e+00 3.279038e+00 2.545876e+01 6.512680e+00 7.639591e-07 -2.712126e-05 -4.034652e-06 1.416057e+00
3.620747e+00 2.743480e+01 6.878299e+00 3.620747e+00 2.743480e+01 6.878299e+00 -1.089414e-06 -2.782490e-05 -8.116167e-07 3.411533e+00
4.342061e+00 2.670504e+01 6.879321e+00 4.342061e+00 2.670504e+01 6.879321e+00 -5.483653e-07 -2.799598e-05 -7.998853e-07 3.870612e+00
4.636311e+00 2.880792e+01 6.899639e+00 4.636311e+00 2.880792e+01 6.899639e+00 -1.561605e-06 -2.769830e-05 1.518103e-07 6.708393e+00
4.487693e+00 2.775403e+01 6.906439e+00 4.487693e+00 2.775403e+01 6.906439e+00 -1.094495e-06 -2.795970e-05 -5.967017e-08 5.396153e+00
3.023107e+00 2.923192e+01 6.872345e+00 3.023107e+00 2.923192e+01 6.872345e+00 -1.469512e-06 -2.729604e-05 -4.258771e-07 3.246285e+00
3.895861e+00 2.954623e+01 6.905249e+00 3.895861e+00 2.954623e+01 6.905249e+00 -1.613467e-06 -2.743874e-05 3.325757e-09 5.138654e+00
1.683993e+00 2.561924e+01 5.465102e+00 1.683993e+00 2.561924e+01 5.465102e+00 2.743411e-06 -2.441902e-05 -6.252464e-06 9.746462e-01
1.061515e+00 2.681155e+01 5.462186e+00 1.061515e+00 2.681155e+01 5.462186e+00 1.958111e-06 -2.463540e-05 -5.333053e-06 9.353688e-01
2.404910e+00 2.540872e+01 6.068545e+00 2.404910e+00 2.540872e+01 6.068545e+00 1.661100e-06 -2.613437e-05 -5.638072e-06 1.004643e+00
2.442256e+00 3.097546e+01 6.735884e+00 2.442256e+00 3.097546e+01 6.735884e+00 -1.117430e-06 -2.610330e-05 -2.677915e-07 2.130949e+00
3.156353e+00 3.026828e+01 6.869042e+00 3.156353e+00 3.026828e+01 6.869042e+00 -1.482529e-06 -2.690737e-05 -2.132047e-07 3.504220e+00
1.575290e+00 3.055939e+01 6.460409e+00 1.575290e+00 3.055939e+01 6.460409e+00 -8.084002e-07 -2.552891e-05 -7.505883e-07 1.266805e+00
1.714356e+01 2.930316e+01 5.282494e+00 1.714356e+01 2.930316e+01 5.282494e+00 -1.589674e-06 -9.286672e-06 5.098256e-07 6.834931e-01
1.636678e+01 2.753144e+01 5.885815e+00 1.636678e+01 2.753144e+01 5.885815e+00 -3.910728e-07 -9.621804e-06 -2.073973e-06 7.433912e-01
1.686390e+01 2.804588e+01 5.320426e+00 1.686390e+01 2.804588e+01 5.320426e+00 -1.732428e-06 -7.920092e-06 -1.174112e-06 5.712373e-01
1.613379e+01 2.935585e+01 6.397301e+00 1.613379e+01 2.935585e+01 6.397301e+00 -2.352684e-06 -1.230198e-05 1.243071e-06 9.958267e-01
1.673724e+01 2.992183e+01 5.919038e+00 1.673724e+01 2.992183e+01 5.919038e+00 -2.684729e-06 -1.164149e-05 1.681146e-06 7.577442e-01
1.324577e+01 2.558145e+01 6.757022e+00 1.324577e+01 2.558145e+01 6.757022e+00 1.362860e-06 -1.925190e-05 -1.475046e-06 2.317083e+00
1.395654e+01 2.730762e+01 6.863317e+00 1.395654e+01 2.730762e+01 6.863317e+00 3.514756e-07 -1.881402e-05 -1.980218e-07 3.026860e+00
1.318816e+01 2.660289e+01 6.873887e+00 1.318816e+01 2.660289e+01 6.873887e+00 4.990511e-07 -1.976977e-05 -2.723915e-07 3.562406e+00
1.495480e+01 2.611828e+01 6.389963e+00 1.495480e+01 2.611828e+01 6.389963e+00 1.916432e-07 -1.496228e-05 -2.465564e-06 1.281480e+00
1.412208e+01 2.531760e+01 6.471141e+00 1.412208e+01 2.531760e+01 6.471141e+00 1.165889e-06 -1.681845e-05 -3.061784e-06 1.444533e+00
1.296713e+01 2.871979e+01 6.905905e+00 1.296713e+01 2.871979e+01 6.905905e+00 -1.820528e-06 -2.069035e-05 2.793673e-07 6.159507e+00
1.456505e+01 2.911495e+01 6.868383e+00 1.456505e+01 2.911495e+01 6.868383e+00 -2.528112e-06 -1.780611e-05 7.762517e-07 2.864300e+00
1.370198e+01 2.944881e+01 6.910490e+00 1.370198e+01 2.944881e+01 6.910490e+00 -2.898096e-06 -1.951207e-05 4.665469e-07 4.692140e+00
1.309387e+01 2.765239e+01 6.908427e+00 1.309387e+01 2.765239e+01 6.908427e+00 -3.692695e-07 -2.040404e-05 1.978882e-07 4.957350e+00
1.555760e+01 2.553050e+01 5.373711e+00 1.555760e+01 2.553050e+01 5.373711e+00 -2.131333e-06 -8.982636e-06 -4.135170e-06 8.692612e-01
1.492752e+01 2.525227e+01 5.983651e+00 1.492752e+01 2.525227e+01 5.983651e+00 1.065975e-07 -1.378330e-05 -4.631698e-06 1.081715e+00
1.627641e+01 2.678325e+01 5.384964e+00 1.627641e+01 2.678325e+01 5.384964e+00 -3.131019e-06 -8.782482e-06 -2.009079e-06 6.936968e-01
1.515645e+01 3.084820e+01 6.710244e+00 1.515645e+01 3.084820e+01 6.710244e+00 -4.955387e-06 -1.664274e-05 1.629288e-06 1.824080e+00
1.602494e+01 3.043318e+01 6.405997e+00 1.602494e+01 3.043318e+01 6.405997e+00 -4.125857e-06 -1.426862e-05 2.093440e-06 1.042430e+00
1.444092e+01 3.015975e+01 6.866395e+00 1.444092e+01 3.015975e+01 6.866395e+00 -3.980910e-06 -1.807824e-05 9.126215e-07 3.104286e+00
4.485786e+00 3.115088e+01 2.416807e+00 4.485786e+00 3.115088e+01 2.416807e+00 -2.010334e-06 -7.847175e-06 2.930254e-06 1.302291e+00
3.469307e+00 3.250669e+01 2.453347e+00 3.469307e+00 3.250669e+01 2.453347e+00 -3.565292e-06 -1.018002e-05 -7.108651e-06 7.793374e-01
4.341677e+00 3.219721e+01 2.414962e+00 4.341677e+00 3.219721e+01 2.414962e+00 -3.062379e-06 -4.795615e-06 -2.148147e-06 1.081497e+00
2.848940e+00 3.070542e+01 2.472815e+00 2.848940e+00 3.070542e+01 2.472815e+00 -2.470413e-06 -1.468511e-05 8.601676e-06 7.500489e-01
3.726631e+00 3.040593e+01 2.417078e+00 3.726631e+00 3.040593e+01 2.417078e+00 -3.144957e-08 -9.102923e-06 1.609969e-07 1.023526e+00
4.058558e+00 3.427445e+01 2.594227e+00 4.058558e+00 3.427445e+01 2.594227e+00 -5.189551e-06 -1.091059e-05 3.501926e-06 7.318846e-01
2.390257e+00 3.370864e+01 2.921678e+00 2.390257e+00 3.370864e+01 2.921678e+00 -5.152660e-06 -1.559798e-05 2.594786e-06 7.562675e-01
3.144604e+00 3.450813e+01 2.880788e+00 3.144604e+00 3.450813e+01 2.880788e+00 -5.714925e-06 -1.374364e-05 3.008571e-06 7.313826e-01
4.190281e+00 3.324441e+01 2.460550e+00 4.190281e+00 3.324441e+01 2.460550e+00 -4.052589e-06 -1.083514e-05 1.304454e-06 8.627167e-01
2.272880e+00 2.897616e+01 2.657729e+00 2.272880e+00 2.897616e+01 2.657729e+00 2.957747e-06 -1.554012e-05 -7.650526e-07 6.714778e-01
2.981307e+00 2.967500e+01 2.483154e+00 2.981307e+00 2.967500e+01 2.483154e+00 1.252553e-06 -6.920021e-06 -1.743516e-05 7.943023e-01
1.316156e+00 3.053063e+01 2.977847e+00 1.316156e+00 3.053063e+01 2.977847e+00 -5.081855e-07 -1.794484e-05 -1.711691e-07 7.397645e-01
1.426152e+00 2.940709e+01 2.973690e+00 1.426152e+00 2.940709e+01 2.973690e+00 2.061531e-06 -1.812564e-05 -1.250300e-06 7.039175e-01
1.602048e+00 3.432319e+01 3.988594e+00 1.602048e+00 3.432319e+01 3.988594e+00 -3.927654e-06 -1.885234e-05 4.457541e-06 1.031068e+00
1.053301e+00 3.240990e+01 3.439845e+00 1.053301e+00 3.240990e+01 3.439845e+00 -2.796584e-06 -1.857545e-05 2.054419e-06 9.404452e-01
9.881269e-01 3.314993e+01 4.004975e+00 9.881269e-01 3.314993e+01 4.004975e+00 -2.735811e-06 -1.976021e-05 3.274916e-06 1.051552e+00
2.292174e+00 3.455128e+01 3.359150e+00 2.292174e+00 3.455128e+01 3.359150e+00 -5.205951e-06 -1.639940e-05 3.979608e-06 8.692243e-01
1.281211e+01 3.117790e+01 2.427633e+00 1.281211e+01 3.117790e+01 2.427633e+00 -2.995401e-06 3.129684e-08 7.273908e-06 1.325853e+00
1.445069e+01 3.067707e+01 2.437377e+00 1.445069e+01 3.067707e+01 2.437377e+00 2.088621e-06 -4.829885e-06 2.361293e-06 5.340534e-01
1.356583e+01 3.040206e+01 2.403735e+00 1.356583e+01 3.040206e+01 2.403735e+00 -5.382744e-06 -4.393817e-07 6.368800e-06 9.413756e-01
1.385557e+01 3.248300e+01 2.460550e+00 1.385557e+01 3.248300e+01 2.460550e+00 1.617395e-06 7.646363e-07 -1.812857e-05 5.993034e-01
1.296914e+01 3.220856e+01 2.423874e+00 1.296914e+01 3.220856e+01 2.423874e+00 -1.406691e-06 -3.983521e-06 -2.117459e-06 1.006019e+00
1.317505e+01 3.424493e+01 2.563832e+00 1.317505e+01 3.424493e+01 2.563832e+00 -3.362573e-06 -2.134718e-06 -3.068347e-06 5.252352e-01
1.310344e+01 3.322966e+01 2.455600e+00 1.310344e+01 3.322966e+01 2.455600e+00 -3.459215e-06 3.055793e-06 -1.288750e-05 7.179925e-01
1.489903e+01 3.364987e+01 2.925659e+00 1.489903e+01 3.364987e+01 2.925659e+00 -2.717460e-06 -6.495506e-06 2.622186e-06 3.486195e-01
1.406561e+01 3.447456e+01 2.844656e+00 1.406561e+01 3.447456e+01 2.844656e+00 -2.899559e-06 -5.493504e-06 3.245117e-06 4.268016e-01
1.504722e+01 2.894937e+01 2.595549e+00 1.504722e+01 2.894937e+01 2.595549e+00 -2.203291e-06 -3.974217e-06 -4.104471e-06 3.819261e-01
1.603920e+01 3.042406e+01 2.888462e+00 1.603920e+01 3.042406e+01 2.888462e+00 -1.134033e-06 -7.348498e-06 -6.192943e-07 3.500674e-01
1.592803e+01 2.934926e+01 2.881921e+00 1.592803e+01 2.934926e+01 2.881921e+00 -1.818926e-06 -5.824318e-06 -1.487271e-06 3.483698e-01
1.432585e+01 2.965536e+01 2.443403e+00 1.432585e+01 2.965536e+01 2.443403e+00 1.293293e-06 -6.738178e-06 7.087819e-06 5.840729e-01
1.552698e+01 3.424026e+01 3.920711e+00 1.552698e+01 3.424026e+01 3.920711e+00 -6.845963e-06 -1.167156e-05 4.839485e-06 3.614120e-01
1.488280e+01 3.452165e+01 3.321871e+00 1.488280e+01 3.452165e+01 3.321871e+00 -4.430429e-06 -7.790386e-06 5.006463e-06 3.536548e-01
1.629721e+01 3.224008e+01 3.393677e+00 1.629721e+01 3.224008e+01 3.393677e+00 -1.951634e-06 -9.890254e-06 3.103336e-06 3.545044e-01
1.625000e+01 3.298279e+01 3.913824e+00 1.625000e+01 3.298279e+01 3.913824e+00 -6.500480e-06 -1.077581e-05 2.987421e-06 3.705097e-01
8.751057e+00 2.579018e+01 6.896034e+00 8.751057e+00 2.579018e+01 6.896034e+00 1.145372e-06 -2.550067e-05 3.773476e-07 7.096162e+00
9.678428e+00 2.438303e+01 6.877878e+00 9.678428e+00 2.438303e+01 6.877878e+00 3.450196e-06 -2.449840e-05 -2.984269e-07 3.501804e+00
9.679345e+00 2.531093e+01 6.904139e+00 9.679345e+00 2.531093e+01 6.904139e+00 1.928125e-06 -2.454650e-05 2.649036e-07 5.555641e+00
7.802299e+00 2.440090e+01 6.878239e+00 7.802299e+00 2.440090e+01 6.878239e+00 3.160754e-06 -2.651025e-05 -4.811501e-07 3.569948e+00
7.809966e+00 2.532804e+01 6.903589e+00 7.809966e+00 2.532804e+01 6.903589e+00 1.615449e-06 -2.644431e-05 1.632403e-07 5.644983e+00
6.712724e+00 2.195971e+01 5.509197e+00 6.712724e+00 2.195971e+01 5.509197e+00 8.490473e-06 -2.345846e-05 -7.083985e-06 9.282369e-01
7.064075e+00 2.298241e+01 6.493686e+00 7.064075e+00 2.298241e+01 6.493686e+00 5.776461e-06 -2.645086e-05 -3.598958e-06 1.264050e+00
6.291502e+00 2.259962e+01 6.097833e+00 6.291502e+00 2.259962e+01 6.097833e+00 6.710075e-06 -2.591995e-05 -5.657473e-06 9.472234e-01
8.732523e+00 2.206950e+01 6.045206e+00 8.732523e+00 2.206950e+01 6.045206e+00 7.219037e-06 -2.340984e-05 -5.245284e-06 8.573170e-01
8.042213e+00 2.172900e+01 5.517370e+00 8.042213e+00 2.172900e+01 5.517370e+00 8.096150e-06 -2.216045e-05 -6.955622e-06 8.690240e-01
1.072942e+01 2.189914e+01 5.476848e+00 1.072942e+01 2.189914e+01 5.476848e+00 6.222676e-06 -1.892079e-05 -7.280259e-06 9.028520e-01
9.403463e+00 2.170888e+01 5.506021e+00 9.403463e+00 2.170888e+01 5.506021e+00 7.312956e-06 -2.053429e-05 -6.943550e-06 8.690993e-01
1.041185e+01 2.294256e+01 6.484546e+00 1.041185e+01 2.294256e+01 6.484546e+00 5.684868e-06 -2.266040e-05 -3.264698e-06 1.147030e+00
1.116476e+01 2.253015e+01 6.073734e+00 1.116476e+01 2.253015e+01 6.073734e+00 5.668014e-06 -2.055765e-05 -5.329400e-06 8.387470e-01
8.630471e+00 3.232715e+01 2.497596e+00 8.630471e+00 3.232715e+01 2.497596e+00 -2.129444e-06 -3.266114e-06 -7.770788e-07 2.259700e+00
7.794526e+00 3.089057e+01 2.555573e+00 7.794526e+00 3.089057e+01 2.555573e+00 -1.273797e-06 -3.968892e-06 2.325920e-07 2.606328e+00
7.757012e+00 3.181303e+01 2.525806e+00 7.757012e+00 3.181303e+01 2.525806e+00 -1.792351e-06 -4.156654e-06 -1.225568e-06 2.370247e+00
9.510559e+00 3.089525e+01 2.549641e+00 9.510559e+00 3.089525e+01 2.549641e+00 -1.067295e-06 -2.766174e-06 -2.657729e-07 2.630752e+00
9.527317e+00 3.181678e+01 2.513794e+00 9.527317e+00 3.181678e+01 2.513794e+00 -1.617839e-06 -2.867579e-06 -4.996338e-07 2.400085e+00
7.097801e+00 2.758224e+01 2.485118e+00 7.097801e+00 2.758224e+01 2.485118e+00 2.108381e-06 -3.700954e-06 2.591610e-06 2.078652e+00
8.666747e+00 2.824039e+01 2.538607e+00 8.666747e+00 2.824039e+01 2.538607e+00 1.722556e-07 -3.492726e-06 8.947332e-07 2.514898e+00
8.141773e+00 2.748916e+01 2.499633e+00 8.141773e+00 2.748916e+01 2.499633e+00 1.468030e-06 -3.199418e-06 4.975203e-06 2.217311e+00
7.258320e+00 2.925557e+01 2.546784e+00 7.258320e+00 2.925557e+01 2.546784e+00 6.740830e-07 -4.241583e-06 1.160439e-06 2.546241e+00
6.685727e+00 2.853474e+01 2.510953e+00 6.685727e+00 2.853474e+01 2.510953e+00 1.434436e-06 -5.072279e-06 6.725026e-07 2.252263e+00
1.024243e+01 2.759223e+01 2.488513e+00 1.024243e+01 2.759223e+01 2.488513e+00 -5.892527e-07 -2.958424e-06 -3.903660e-07 2.128289e+00
1.005720e+01 2.926187e+01 2.548996e+00 1.005720e+01 2.926187e+01 2.548996e+00 -7.416684e-07 -2.813815e-06 -8.641199e-08 2.587967e+00
1.063517e+01 2.854355e+01 2.515244e+00 1.063517e+01 2.854355e+01 2.515244e+00 -7.210186e-07 -2.628411e-06 6.958907e-07 2.311598e+00
9.202795e+00 2.748954e+01 2.500511e+00 9.202795e+00 2.748954e+01 2.500511e+00 3.968891e-07 -3.172735e-06 1.679645e-06 2.233729e+00
7.259003e+00 3.231224e+01 6.845175e+00 7.259003e+00 3.231224e+01 6.845175e+00 -3.000264e-06 -2.597401e-05 -2.793778e-07 1.097684e+01
8.816030e+00 3.166789e+01 6.813831e+00 8.816030e+00 3.166789e+01 6.813831e+00 -3.421510e-06 -2.527732e-05 -2.743351e-07 1.428917e+01
8.287951e+00 3.242199e+01 6.835536e+00 8.287951e+00 3.242199e+01 6.835536e+00 -3.419142e-06 -2.541355e-05 -3.205579e-07 1.180555e+01
7.423816e+00 3.065106e+01 6.809171e+00 7.423816e+00 3.065106e+01 6.809171e+00 -2.576444e-06 -2.630013e-05 -9.741192e-08 1.494821e+01
6.854243e+00 3.137101e+01 6.831148e+00 6.854243e+00 3.137101e+01 6.831148e+00 -2.585258e-06 -2.637483e-05 -1.575240e-07 1.233648e+01
1.037228e+01 3.232615e+01 6.848551e+00 1.037228e+01 3.232615e+01 6.848551e+00 -4.821157e-06 -2.456089e-05 -3.494422e-07 1.068714e+01
1.020909e+01 3.064420e+01 6.811870e+00 1.020909e+01 3.064420e+01 6.811870e+00 -3.555798e-06 -2.447893e-05 -1.827889e-07 1.449990e+01
1.077589e+01 3.136713e+01 6.835019e+00 1.077589e+01 3.136713e+01 6.835019e+00 -4.258904e-06 -2.400368e-05 -2.451844e-07 1.181398e+01
9.335251e+00 3.242648e+01 6.836588e+00 9.335251e+00 3.242648e+01 6.836588e+00 -3.930871e-06 -2.483019e-05 -3.435331e-07 1.169443e+01
6.687564e+00 3.797177e+01 3.822645e+00 6.687564e+00 3.797177e+01 3.822645e+00 -5.156248e-06 -1.129344e-05 6.998726e-06 1.003409e+00
6.980543e+00 3.694731e+01 2.823658e+00 6.980543e+00 3.694731e+01 2.823658e+00 -4.420900e-06 -6.690099e-06 3.366057e-06 6.502421e-01
6.229250e+00 3.734255e+01 3.246576e+00 6.229250e+00 3.734255e+01 3.246576e+00 -5.037885e-06 -9.376762e-06 5.172806e-06 8.134534e-01
8.672746e+00 3.783764e+01 3.246303e+00 8.672746e+00 3.783764e+01 3.246303e+00 -4.959253e-06 -6.702035e-06 5.950571e-06 7.857230e-01
8.000005e+00 3.818635e+01 3.790598e+00 8.000005e+00 3.818635e+01 3.790598e+00 -5.287342e-06 -9.672133e-06 7.369735e-06 9.948786e-01
1.067371e+01 3.798722e+01 3.793680e+00 1.067371e+01 3.798722e+01 3.793680e+00 -5.390570e-06 -7.880560e-06 7.917644e-06 9.327573e-01
9.351680e+00 3.819213e+01 3.780970e+00 9.351680e+00 3.819213e+01 3.780970e+00 -5.412538e-06 -8.481560e-06 7.630518e-06 9.736966e-01
1.033659e+01 3.694250e+01 2.793053e+00 1.033659e+01 3.694250e+01 2.793053e+00 -3.912063e-06 -4.056663e-06 4.077363e-06 5.285552e-01
1.109933e+01 3.734559e+01 3.200613e+00 1.109933e+01 3.734559e+01 3.200613e+00 -4.395991e-06 -5.250895e-06 6.113603e-06 6.712071e-01
7.560542e+00 2.338739e+01 2.678244e+00 7.560542e+00 2.338739e+01 2.678244e+00 6.977408e-06 -7.760093e-06 -4.716409e-06 6.593401e-01
6.065199e+00 2.444807e+01 2.502456e+00 6.065199e+00 2.444807e+01 2.502456e+00 9.400486e-06 -1.318951e-05 1.135634e-05 7.007238e-01
7.084025e+00 2.426423e+01 2.483054e+00 7.084025e+00 2.426423e+01 2.483054e+00 4.278713e-06 -1.134205e-06 -1.992157e-05 7.186571e-01
5.780864e+00 2.298750e+01 3.085580e+00 5.780864e+00 2.298750e+01 3.085580e+00 1.130107e-05 -1.425738e-05 -6.159305e-06 7.744574e-01
6.912444e+00 2.273562e+01 3.047939e+00 6.912444e+00 2.273562e+01 3.047939e+00 9.862781e-06 -1.187758e-05 -6.307810e-06 7.517236e-01
7.600781e+00 3.648376e+01 6.645264e+00 7.600781e+00 3.648376e+01 6.645264e+00 -3.577904e-06 -2.384117e-05 3.019321e-06 1.693501e+00
6.084952e+00 3.539682e+01 6.833337e+00 6.084952e+00 3.539682e+01 6.833337e+00 -1.993794e-06 -2.498000e-05 1.055518e-06 2.574820e+00
7.130114e+00 3.559964e+01 6.833572e+00 7.130114e+00 3.559964e+01 6.833572e+00 -3.093455e-06 -2.511315e-05 1.195253e-06 2.841157e+00
5.817227e+00 3.689840e+01 6.277231e+00 5.817227e+00 3.689840e+01 6.277231e+00 -1.548460e-06 -2.244965e-05 4.380817e-06 1.040755e+00
6.938223e+00 3.714058e+01 6.297962e+00 6.938223e+00 3.714058e+01 6.297962e+00 -3.023146e-06 -2.234668e-05 4.760923e-06 1.072670e+00
1.329410e+00 3.161313e+01 3.030935e+00 1.329410e+00 3.161313e+01 3.030935e+00 -2.417066e-06 -1.767269e-05 9.174199e-07 7.953756e-01
5.718140e-01 3.188501e+01 4.037434e+00 5.718140e-01 3.188501e+01 4.037434e+00 -1.309381e-06 -2.054047e-05 1.574933e-06 1.051251e+00
7.537310e-01 2.994287e+01 3.462398e+00 7.537310e-01 2.994287e+01 3.462398e+00 1.084430e-06 -2.019557e-05 -9.204549e-07 8.640117e-01
1.806533e+00 3.169174e+01 6.450131e+00 1.806533e+00 3.169174e+01 6.450131e+00 -6.213582e-07 -2.508544e-05 1.589450e-07 1.272207e+00
7.120913e-01 3.191848e+01 5.399128e+00 7.120913e-01 3.191848e+01 5.399128e+00 -4.401267e-07 -2.322323e-05 1.020074e-06 9.705049e-01
1.328503e+00 3.242286e+01 5.986237e+00 1.328503e+00 3.242286e+01 5.986237e+00 -3.669737e-07 -2.400397e-05 1.194479e-06 9.561630e-01
1.178818e+00 3.379006e+01 4.658899e+00 1.178818e+00 3.379006e+01 4.658899e+00 -2.223650e-06 -2.083253e-05 4.017355e-06 1.061112e+00
1.094981e+00 3.313873e+01 5.364104e+00 1.094981e+00 3.313873e+01 5.364104e+00 -8.778945e-07 -2.256287e-05 2.749545e-06 9.765209e-01
1.214135e+00 2.614979e+01 4.820809e+00 1.214135e+00 2.614979e+01 4.820809e+00 4.018204e-06 -2.317057e-05 -6.073099e-06 9.625164e-01
6.629203e-01 2.805247e+01 4.104842e+00 6.629203e-01 2.805247e+01 4.104842e+00 3.677811e-06 -2.204504e-05 -3.791790e-06 9.126300e-01
1.064877e+00 2.680475e+01 4.128129e+00 1.064877e+00 2.680475e+01 4.128129e+00 5.111484e-06 -2.170700e-05 -5.105504e-06 9.061110e-01
1.657558e+00 2.826475e+01 2.992039e+00 1.657558e+00 2.826475e+01 2.992039e+00 4.659497e-06 -1.816484e-05 -2.080375e-06 6.787357e-01
1.228708e+00 2.752955e+01 3.494267e+00 1.228708e+00 2.752955e+01 3.494267e+00 5.319340e-06 -2.005713e-05 -3.605711e-06 7.869652e-01
7.844374e+00 2.348661e+01 6.733079e+00 7.844374e+00 2.348661e+01 6.733079e+00 5.037551e-06 -2.622364e-05 -1.853833e-06 1.992805e+00
6.059334e+00 2.345598e+01 6.525910e+00 6.059334e+00 2.345598e+01 6.525910e+00 4.791959e-06 -2.724820e-05 -3.818389e-06 1.389031e+00
6.880660e+00 2.486390e+01 6.878687e+00 6.880660e+00 2.486390e+01 6.878687e+00 2.247926e-06 -2.730561e-05 -5.697295e-07 3.988439e+00
2.472364e+00 2.464291e+01 5.521677e+00 2.472364e+00 2.464291e+01 5.521677e+00 3.962848e-06 -2.481278e-05 -7.064441e-06 9.669703e-01
4.200304e+00 2.379969e+01 6.123226e+00 4.200304e+00 2.379969e+01 6.123226e+00 4.303585e-06 -2.666384e-05 -6.086704e-06 1.010734e+00
3.401600e+00 2.377380e+01 5.554023e+00 3.401600e+00 2.377380e+01 5.554023e+00 5.387151e-06 -2.495618e-05 -7.516902e-06 9.583846e-01
5.547428e+00 2.241013e+01 5.552827e+00 5.547428e+00 2.241013e+01 5.552827e+00 7.720282e-06 -2.435495e-05 -7.404773e-06 9.375577e-01
4.437689e+00 2.302250e+01 5.565364e+00 4.437689e+00 2.302250e+01 5.565364e+00 6.752718e-06 -2.487840e-05 -7.630626e-06 9.476208e-01
5.354359e+00 2.807403e+01 6.883792e+00 5.354359e+00 2.807403e+01 6.883792e+00 -1.223404e-06 -2.769359e-05 1.938275e-07 7.816241e+00
6.050320e+00 2.640515e+01 6.889593e+00 6.050320e+00 2.640515e+01 6.889593e+00 1.281181e-07 -2.765092e-05 -9.247314e-09 6.239916e+00
6.131039e+00 2.739939e+01 6.872994e+00 6.131039e+00 2.739939e+01 6.872994e+00 -7.132893e-07 -2.747098e-05 2.179035e-07 8.465565e+00
7.837980e+00 2.625423e+01 6.881154e+00 7.837980e+00 2.625423e+01 6.881154e+00 5.194456e-07 -2.637009e-05 3.276674e-07 8.095077e+00
6.961957e+00 2.679086e+01 6.872089e+00 6.961957e+00 2.679086e+01 6.872089e+00 -1.032343e-07 -2.704077e-05 2.610275e-07 8.567795e+00
8.001603e+00 2.993789e+01 6.797899e+00 8.001603e+00 2.993789e+01 6.797899e+00 -2.630267e-06 -2.629372e-05 -3.468959e-08 1.655960e+01
7.085285e+00 2.870615e+01 6.823609e+00 7.085285e+00 2.870615e+01 6.823609e+00 -1.661120e-06 -2.685709e-05 1.693853e-07 1.336835e+01
7.949241e+00 2.901949e+01 6.804658e+00 7.949241e+00 2.901949e+01 6.804658e+00 -1.926693e-06 -2.630765e-05 9.345670e-08 1.569625e+01
6.541657e+00 3.038544e+01 6.827712e+00 6.541657e+00 3.038544e+01 6.827712e+00 -2.298242e-06 -2.678343e-05 -1.357566e-08 1.273365e+01
7.872589e+00 2.717818e+01 6.849626e+00 7.872589e+00 2.717818e+01 6.849626e+00 -4.050209e-07 -2.632800e-05 3.005629e-07 1.081305e+01
7.910169e+00 2.810000e+01 6.822647e+00 7.910169e+00 2.810000e+01 6.822647e+00 -1.212279e-06 -2.630486e-05 2.100097e-07 1.353157e+01
3.379781e+00 3.130744e+01 6.861163e+00 3.379781e+00 3.130744e+01 6.861163e+00 -1.417708e-06 -2.648053e-05 -1.182332e-07 3.567060e+00
5.001099e+00 3.085122e+01 6.878015e+00 5.001099e+00 3.085122e+01 6.878015e+00 -1.980437e-06 -2.702371e-05 -3.267195e-08 7.699382e+00
4.342606e+00 3.158910e+01 6.891163e+00 4.342606e+00 3.158910e+01 6.891163e+00 -1.798704e-06 -2.669286e-05 -1.208885e-07 5.405469e+00
6.281952e+00 3.209118e+01 6.861385e+00 6.281952e+00 3.209118e+01 6.861385e+00 -2.596468e-06 -2.645741e-05 -2.240725e-07 9.460734e+00
5.311262e+00 3.184731e+01 6.880962e+00 5.311262e+00 3.184731e+01 6.880962e+00 -2.193609e-06 -2.670155e-05 -1.675520e-07 7.458373e+00
3.692576e+00 2.413226e+01 3.165264e+00 3.692576e+00 2.413226e+01 3.165264e+00 9.328326e-06 -1.731106e-05 -4.547643e-06 8.107278e-01
2.242321e+00 2.524487e+01 3.557353e+00 2.242321e+00 2.524487e+01 3.557353e+00 8.031985e-06 -1.932045e-05 -5.161545e-06 8.608490e-01
3.035637e+00 2.502320e+01 3.078421e+00 3.035637e+00 2.502320e+01 3.078421e+00 9.263633e-06 -1.760201e-05 -3.900358e-06 7.367011e-01
3.243576e+00 2.358158e+01 4.225042e+00 3.243576e+00 2.358158e+01 4.225042e+00 8.899770e-06 -2.065616e-05 -7.703175e-06 1.056511e+00
3.922137e+00 2.336460e+01 3.631630e+00 3.922137e+00 2.336460e+01 3.631630e+00 1.054354e-05 -1.838969e-05 -6.884625e-06 9.683862e-01
2.003872e+00 2.713472e+01 3.012996e+00 2.003872e+00 2.713472e+01 3.012996e+00 6.800873e-06 -1.811216e-05 -2.636412e-06 6.698506e-01
2.468478e+00 2.603791e+01 3.034119e+00 2.468478e+00 2.603791e+01 3.034119e+00 8.253482e-06 -1.793315e-05 -3.170954e-06 6.888902e-01
4.876898e+00 2.246433e+01 4.904459e+00 4.876898e+00 2.246433e+01 4.904459e+00 8.993913e-06 -2.227144e-05 -8.370347e-06 1.033467e+00
4.323812e+00 2.278803e+01 4.233039e+00 4.323812e+00 2.278803e+01 4.233039e+00 1.013821e-05 -2.011527e-05 -8.192942e-06 1.062675e+00
4.011476e+00 3.496553e+01 6.633595e+00 4.011476e+00 3.496553e+01 6.633595e+00 2.209723e-07 -2.386152e-05 1.817722e-06 1.545070e+00
4.079953e+00 3.331709e+01 6.859391e+00 4.079953e+00 3.331709e+01 6.859391e+00 -9.972371e-07 -2.551849e-05 1.108289e-07 3.138432e+00
4.545116e+00 3.424555e+01 6.848882e+00 4.545116e+00 3.424555e+01 6.848882e+00 -7.061427e-07 -2.498775e-05 4.565014e-07 2.707791e+00
2.575544e+00 3.388014e+01 6.397743e+00 2.575544e+00 3.388014e+01 6.397743e+00 -6.331690e-08 -2.389543e-05 1.877109e-06 1.176950e+00
3.097189e+00 3.486937e+01 6.337335e+00 3.097189e+00 3.486937e+01 6.337335e+00 -2.265723e-08 -2.351959e-05 2.724103e-06 1.104244e+00
5.706103e+00 3.281106e+01 6.893663e+00 5.706103e+00 3.281106e+01 6.893663e+00 -2.497086e-06 -2.642381e-05 -2.720489e-07 6.770583e+00
5.128846e+00 3.353266e+01 6.907439e+00 5.128846e+00 3.353266e+01 6.907439e+00 -2.294862e-06 -2.632404e-05 -1.614792e-07 4.492198e+00
1.622843e+00 3.429904e+01 5.312173e+00 1.622843e+00 3.429904e+01 5.312173e+00 -1.380431e-06 -2.182799e-05 4.070088e-06 9.900716e-01
2.281281e+00 3.465899e+01 5.889223e+00 2.281281e+00 3.465899e+01 5.889223e+00 -5.473747e-07 -2.281847e-05 3.534726e-06 9.549983e-01
1.602349e+01 3.146569e+01 2.967040e+00 1.602349e+01 3.146569e+01 2.967040e+00 -7.660725e-07 -8.549131e-06 7.461084e-07 3.136508e-01
1.666066e+01 2.985703e+01 3.346566e+00 1.666066e+01 2.985703e+01 3.346566e+00 -1.546024e-06 -7.522714e-06 -5.541954e-07 4.333188e-01
1.682325e+01 3.173340e+01 3.946468e+00 1.682325e+01 3.173340e+01 3.946468e+00 -3.221089e-06 -1.054261e-05 2.918761e-06 4.726060e-01
1.598245e+01 2.615880e+01 4.748512e+00 1.598245e+01 2.615880e+01 4.748512e+00 -3.356762e-06 -6.307087e-06 -4.593467e-06 6.929422e-01
1.672693e+01 2.800096e+01 3.995689e+00 1.672693e+01 2.800096e+01 3.995689e+00 -2.423896e-06 -5.267569e-06 -1.943813e-06 4.318115e-01
1.621820e+01 2.683338e+01 4.042248e+00 1.621820e+01 2.683338e+01 4.042248e+00 -3.688658e-06 -5.342428e-06 -3.170820e-06 4.872695e-01
1.567435e+01 2.824668e+01 2.908706e+00 1.567435e+01 2.824668e+01 2.908706e+00 -2.264726e-06 -4.347828e-06 -1.841607e-06 3.252243e-01
1.610478e+01 2.752604e+01 3.406915e+00 1.610478e+01 2.752604e+01 3.406915e+00 -2.687618e-06 -4.469125e-06 -2.167015e-06 3.558014e-01
1.577540e+01 3.153665e+01 6.383921e+00 1.577540e+01 3.153665e+01 6.383921e+00 -5.540529e-06 -1.595995e-05 2.308564e-06 1.182338e+00
1.676641e+01 3.177800e+01 5.267312e+00 1.676641e+01 3.177800e+01 5.267312e+00 -5.269620e-06 -1.385087e-05 3.156323e-06 8.262979e-01
1.617619e+01 3.225206e+01 5.874987e+00 1.617619e+01 3.225206e+01 5.874987e+00 -6.327958e-06 -1.528666e-05 2.959656e-06 1.018677e+00
1.596853e+01 3.362492e+01 4.540713e+00 1.596853e+01 3.362492e+01 4.540713e+00 -7.879751e-06 -1.374999e-05 6.102491e-06 4.306916e-01
1.624072e+01 3.294582e+01 5.249175e+00 1.624072e+01 3.294582e+01 5.249175e+00 -7.940663e-06 -1.389577e-05 4.276344e-06 6.054392e-01
9.645015e+00 2.346881e+01 6.730617e+00 9.645015e+00 2.346881e+01 6.730617e+00 5.187648e-06 -2.420832e-05 -1.672394e-06 1.920885e+00
1.059934e+01 2.482707e+01 6.878561e+00 1.059934e+01 2.482707e+01 6.878561e+00 2.807097e-06 -2.337159e-05 -2.516917e-07 3.859691e+00
1.140579e+01 2.338770e+01 6.511720e+00 1.140579e+01 2.338770e+01 6.511720e+00 4.665207e-06 -2.144935e-05 -3.233024e-06 1.240318e+00
1.223421e+01 2.800165e+01 6.889054e+00 1.223421e+01 2.800165e+01 6.889054e+00 -8.885966e-07 -2.162284e-05 2.272111e-07 7.269147e+00
1.146325e+01 2.635325e+01 6.892539e+00 1.146325e+01 2.635325e+01 6.892539e+00 6.485175e-07 -2.234181e-05 1.694407e-07 5.951082e+00
1.142697e+01 2.734966e+01 6.876931e+00 1.142697e+01 2.734966e+01 6.876931e+00 -4.052081e-07 -2.252626e-05 2.465106e-07 8.021032e+00
9.676738e+00 2.623869e+01 6.882136e+00 9.676738e+00 2.623869e+01 6.882136e+00 7.171049e-07 -2.458924e-05 3.581597e-07 7.956752e+00
1.056967e+01 2.675968e+01 6.874476e+00 1.056967e+01 2.675968e+01 6.874476e+00 1.533033e-07 -2.356442e-05 2.946676e-07 8.271696e+00
1.483359e+01 2.451355e+01 5.410741e+00 1.483359e+01 2.451355e+01 5.410741e+00 1.043296e-07 -1.144578e-05 -6.990377e-06 9.160630e-01
1.321870e+01 2.367393e+01 6.076362e+00 1.321870e+01 2.367393e+01 6.076362e+00 2.994326e-06 -1.760394e-05 -5.339590e-06 9.584508e-01
1.398619e+01 2.363894e+01 5.470842e+00 1.398619e+01 2.363894e+01 5.470842e+00 1.506655e-06 -1.415006e-05 -6.774930e-06 9.392080e-01
1.188783e+01 2.231201e+01 5.505468e+00 1.188783e+01 2.231201e+01 5.505468e+00 4.833901e-06 -1.761539e-05 -7.411835e-06 8.617132e-01
1.298614e+01 2.289619e+01 5.502199e+00 1.298614e+01 2.289619e+01 5.502199e+00 3.408031e-06 -1.609509e-05 -7.252354e-06 8.345416e-01
9.632512e+00 2.992919e+01 6.799473e+00 9.632512e+00 2.992919e+01 6.799473e+00 -2.817965e-06 -2.498867e-05 -9.067024e-08 1.627885e+01
1.108499e+01 3.036307e+01 6.831977e+00 1.108499e+01 3.036307e+01 6.831977e+00 -3.420566e-06 -2.340115e-05 -1.167205e-07 1.206080e+01
1.051879e+01 2.867946e+01 6.826484e+00 1.051879e+01 2.867946e+01 6.826484e+00 -1.682274e-06 -2.386953e-05 9.158152e-08 1.283881e+01
9.661835e+00 2.900833e+01 6.806106e+00 9.661835e+00 2.900833e+01 6.806106e+00 -1.995246e-06 -2.486981e-05 4.190623e-08 1.540423e+01
1.423318e+01 3.121371e+01 6.853207e+00 1.423318e+01 3.121371e+01 6.853207e+00 -5.257414e-06 -1.867250e-05 8.532782e-07 3.183531e+00
1.261706e+01 3.080592e+01 6.884288e+00 1.261706e+01 3.080592e+01 6.884288e+00 -4.157340e-06 -2.135462e-05 2.551814e-08 7.087882e+00
1.328347e+01 3.153340e+01 6.893519e+00 1.328347e+01 3.153340e+01 6.893519e+00 -5.177543e-06 -2.026409e-05 2.128935e-07 4.938831e+00
1.134537e+01 3.209020e+01 6.866293e+00 1.134537e+01 3.209020e+01 6.866293e+00 -4.934140e-06 -2.356196e-05 -2.761878e-07 8.988673e+00
1.231355e+01 3.182658e+01 6.886386e+00 1.231355e+01 3.182658e+01 6.886386e+00 -4.852441e-06 -2.219025e-05 -1.159247e-07 6.933897e+00
9.674014e+00 2.716422e+01 6.850816e+00 9.674014e+00 2.716422e+01 6.850816e+00 -3.177463e-07 -2.465993e-05 2.883626e-07 1.060857e+01
9.670329e+00 2.808735e+01 6.823948e+00 9.670329e+00 2.808735e+01 6.823948e+00 -1.200093e-06 -2.475124e-05 1.720872e-07 1.326764e+01
1.358213e+01 2.405207e+01 3.049147e+00 1.358213e+01 2.405207e+01 3.049147e+00 -2.835336e-06 -6.084723e-06 -5.322526e-06 7.336391e-01
1.410804e+01 2.346148e+01 4.115419e+00 1.410804e+01 2.346148e+01 4.115419e+00 -1.098067e-06 -9.343463e-06 -7.527956e-06 8.007467e-01
1.342250e+01 2.326580e+01 3.519126e+00 1.342250e+01 2.326580e+01 3.519126e+00 -1.381402e-06 -7.787074e-06 -7.461789e-06 8.578125e-01
1.504156e+01 2.516789e+01 3.500436e+00 1.504156e+01 2.516789e+01 3.500436e+00 -3.382162e-06 -5.931685e-06 -3.930428e-06 5.201889e-01
1.427482e+01 2.495459e+01 3.006925e+00 1.427482e+01 2.495459e+01 3.006925e+00 -3.244631e-06 -5.689752e-06 -3.749593e-06 5.049085e-01
1.253755e+01 2.234904e+01 4.830243e+00 1.253755e+01 2.234904e+01 4.830243e+00 3.278449e-06 -1.409077e-05 -8.673041e-06 9.492741e-01
1.306501e+01 2.267334e+01 4.135429e+00 1.306501e+01 2.267334e+01 4.135429e+00 1.101894e-06 -1.057421e-05 -8.710383e-06 9.694793e-01
1.531722e+01 2.712192e+01 2.949840e+00 1.531722e+01 2.712192e+01 2.949840e+00 -2.705960e-06 -3.757288e-06 -2.221683e-06 3.121660e-01
1.486624e+01 2.599020e+01 2.993655e+00 1.486624e+01 2.599020e+01 2.993655e+00 -3.228741e-06 -5.074952e-06 -2.707126e-06 3.375775e-01
1.340153e+01 3.505286e+01 6.615504e+00 1.340153e+01 3.505286e+01 6.615504e+00 -1.099265e-05 -1.856538e-05 3.241899e-06 1.436025e+00
1.494592e+01 3.385836e+01 6.293757e+00 1.494592e+01 3.385836e+01 6.293757e+00 -8.926838e-06 -1.642128e-05 3.125238e-06 1.042308e+00
1.430170e+01 3.496296e+01 6.273557e+00 1.430170e+01 3.496296e+01 6.273557e+00 -1.060844e-05 -1.651643e-05 4.159853e-06 9.095731e-01
1.357982e+01 3.327630e+01 6.836487e+00 1.357982e+01 3.327630e+01 6.836487e+00 -7.618221e-06 -1.937437e-05 8.364262e-07 2.940136e+00
1.309723e+01 3.421339e+01 6.829471e+00 1.309723e+01 3.421339e+01 6.829471e+00 -8.430566e-06 -2.010566e-05 1.198669e-06 2.579938e+00
1.560403e+01 3.416322e+01 5.248532e+00 1.560403e+01 3.416322e+01 5.248532e+00 -9.027901e-06 -1.462227e-05 5.677669e-06 4.582556e-01
1.506071e+01 3.467202e+01 5.787982e+00 1.506071e+01 3.467202e+01 5.787982e+00 -9.926527e-06 -1.514894e-05 4.796661e-06 5.412842e-01
1.190748e+01 3.282080e+01 6.898295e+00 1.190748e+01 3.282080e+01 6.898295e+00 -4.652069e-06 -2.392746e-05 -2.224586e-07 6.433330e+00
1.257581e+01 3.345383e+01 6.905988e+00 1.257581e+01 3.345383e+01 6.905988e+00 -7.668415e-06 -2.078498e-05 1.378638e-07 4.289842e+00
7.839296e+00 2.996896e+01 2.566316e+00 7.839296e+00 2.996896e+01 2.566316e+00 -4.936345e-07 -3.789589e-06 6.493921e-07 2.698325e+00
6.931458e+00 3.121048e+01 2.530287e+00 6.931458e+00 3.121048e+01 2.530287e+00 -1.527088e-06 -5.045851e-06 3.380106e-07 2.357566e+00
6.374971e+00 2.952931e+01 2.519130e+00 6.374971e+00 2.952931e+01 2.519130e+00 1.330567e-07 -5.969624e-06 4.155887e-07 2.297391e+00
4.973947e+00 3.393301e+01 2.475917e+00 4.973947e+00 3.393301e+01 2.475917e+00 -4.407465e-06 -7.985484e-06 1.999705e-06 9.079361e-01
5.975104e+00 3.252634e+01 2.472922e+00 5.975104e+00 3.252634e+01 2.472922e+00 -2.671999e-06 -1.870698e-06 -2.805312e-05 1.641457e+00
5.880034e+00 3.352893e+01 2.455244e+00 5.880034e+00 3.352893e+01 2.455244e+00 -8.689541e-06 -9.424573e-06 3.727030e-05 1.242884e+00
7.710953e+00 3.273731e+01 2.481454e+00 7.710953e+00 3.273731e+01 2.481454e+00 -3.225944e-06 -4.267673e-06 1.356027e-06 2.010329e+00
6.792580e+00 3.313085e+01 2.462525e+00 6.792580e+00 3.313085e+01 2.462525e+00 -3.195179e-06 -4.734712e-06 -2.522646e-07 1.647783e+00
3.208519e+00 2.864387e+01 2.498952e+00 3.208519e+00 2.864387e+01 2.498952e+00 2.560413e-06 -1.144949e-05 -3.466879e-06 8.081374e-01
4.830618e+00 2.908358e+01 2.460338e+00 4.830618e+00 2.908358e+01 2.460338e+00 1.532843e-06 -9.617058e-06 -2.987843e-06 1.515443e+00
4.176700e+00 2.835977e+01 2.454297e+00 4.176700e+00 2.835977e+01 2.454297e+00 -9.318673e-07 -1.609289e-05 -2.090469e-05 1.098779e+00
6.125705e+00 2.780214e+01 2.469101e+00 6.125705e+00 2.780214e+01 2.469101e+00 2.515540e-06 -7.523217e-06 6.013231e-06 1.832501e+00
5.161867e+00 2.805678e+01 2.457086e+00 5.161867e+00 2.805678e+01 2.457086e+00 -2.985932e-06 -4.359923e-06 -2.566086e-05 1.479006e+00
7.746098e+00 3.643183e+01 2.564558e+00 7.746098e+00 3.643183e+01 2.564558e+00 -3.804809e-06 -4.998740e-06 1.846526e-06 5.601562e-01
5.954837e+00 3.649384e+01 2.822900e+00 5.954837e+00 3.649384e+01 2.822900e+00 -4.820550e-06 -8.199922e-06 3.046513e-06 6.762669e-01
6.707636e+00 3.506556e+01 2.442523e+00 6.707636e+00 3.506556e+01 2.442523e+00 -5.730202e-06 -8.022933e-06 6.960202e-06 8.326730e-01
7.638631e+00 3.552107e+01 2.420863e+00 7.638631e+00 3.552107e+01 2.420863e+00 -4.916085e-06 -4.106002e-06 4.474005e-06 7.185862e-01
2.391196e+00 3.530269e+01 3.926653e+00 2.391196e+00 3.530269e+01 3.926653e+00 -4.467750e-06 -1.755723e-05 5.157229e-06 9.688380e-01
4.100818e+00 3.615982e+01 3.281674e+00 4.100818e+00 3.615982e+01 3.281674e+00 -5.198046e-06 -1.264079e-05 4.807508e-06 8.045213e-01
3.329365e+00 3.617356e+01 3.879058e+00 3.329365e+00 3.617356e+01 3.879058e+00 -4.617869e-06 -1.599219e-05 5.765153e-06 9.337593e-01
5.507588e+00 3.753388e+01 3.819924e+00 5.507588e+00 3.753388e+01 3.819924e+00 -4.835961e-06 -1.263152e-05 6.648028e-06 9.669900e-01
4.379513e+00 3.692493e+01 3.842404e+00 4.379513e+00 3.692493e+01 3.842404e+00 -4.667990e-06 -1.431595e-05 6.307301e-06 9.367976e-01
7.655859e+00 3.366309e+01 2.431786e+00 7.655859e+00 3.366309e+01 2.431786e+00 -3.788015e-06 -4.404521e-06 1.028983e-06 1.550656e+00
7.612287e+00 3.459152e+01 2.397748e+00 7.612287e+00 3.459152e+01 2.397748e+00 1.196363e-06 -5.227822e-06 -7.409414e-06 1.075008e+00
3.936131e+00 2.493459e+01 2.749004e+00 3.936131e+00 2.493459e+01 2.749004e+00 9.674487e-06 -1.646443e-05 -2.834687e-06 6.506996e-01
3.877579e+00 2.664217e+01 2.512091e+00 3.877579e+00 2.664217e+01 2.512091e+00 8.349403e-06 -1.564111e-05 -1.645164e-06 7.258112e-01
4.375461e+00 2.570165e+01 2.517264e+00 4.375461e+00 2.570165e+01 2.517264e+00 9.271184e-06 -1.528070e-05 2.112547e-08 6.789642e-01
5.584402e+00 2.705322e+01 2.433362e+00 5.584402e+00 2.705322e+01 2.433362e+00 3.013109e-07 -4.044540e-06 1.150670e-06 1.358820e+00
4.875825e+00 2.646940e+01 2.438705e+00 4.875825e+00 2.646940e+01 2.438705e+00 1.867062e-06 -1.103790e-05 5.128581e-05 9.240689e-01
3.711647e+00 3.575868e+01 6.229283e+00 3.711647e+00 3.575868e+01 6.229283e+00 -5.154826e-07 -2.311598e-05 3.623770e-06 1.055126e+00
3.239469e+00 3.633076e+01 5.212970e+00 3.239469e+00 3.633076e+01 5.212970e+00 -2.330263e-06 -2.047147e-05 5.847230e-06 9.756018e-01
3.949330e+00 3.653959e+01 5.780512e+00 3.949330e+00 3.653959e+01 5.780512e+00 -1.513632e-06 -2.178332e-05 5.237523e-06 9.444249e-01
4.859645e+00 3.747006e+01 4.490624e+00 4.859645e+00 3.747006e+01 4.490624e+00 -3.993487e-06 -1.622491e-05 7.196252e-06 1.024978e+00
4.330172e+00 3.713147e+01 5.175758e+00 4.330172e+00 3.713147e+01 5.175758e+00 -2.756167e-06 -1.950061e-05 6.653938e-06 9.848751e-01
9.472409e+00 2.997359e+01 2.564640e+00 9.472409e+00 2.997359e+01 2.564640e+00 -4.845094e-07 -2.706041e-06 1.252355e-08 2.717735e+00
1.093601e+01 2.953260e+01 2.523589e+00 1.093601e+01 2.953260e+01 2.523589e+00 -8.991434e-07 -2.591238e-06 6.218036e-07 2.367931e+00
1.037371e+01 3.121607e+01 2.521667e+00 1.037371e+01 3.121607e+01 2.521667e+00 -1.143096e-06 -2.638823e-06 1.670460e-07 2.413060e+00
1.411091e+01 2.862645e+01 2.467433e+00 1.411091e+01 2.862645e+01 2.467433e+00 -2.286637e-06 -3.343021e-06 -3.289344e-06 5.967320e-01
1.248494e+01 2.908131e+01 2.455913e+00 1.248494e+01 2.908131e+01 2.455913e+00 -6.540074e-06 -2.776160e-06 -3.288643e-06 1.557574e+00
1.315624e+01 2.834794e+01 2.445546e+00 1.315624e+01 2.834794e+01 2.445546e+00 -1.619724e-05 -1.676858e-05 -9.007394e-05 1.005793e+00
1.121272e+01 2.782348e+01 2.474700e+00 1.121272e+01 2.782348e+01 2.474700e+00 -1.660650e-06 -6.607359e-07 -4.372788e-06 1.885351e+00
1.218790e+01 2.807627e+01 2.459418e+00 1.218790e+01 2.807627e+01 2.459418e+00 1.181258e-05 -1.150933e-05 6.581114e-05 1.486354e+00
1.226743e+01 3.391829e+01 2.444924e+00 1.226743e+01 3.391829e+01 2.444924e+00 -1.688637e-06 -2.076148e-06 2.388217e-06 7.871332e-01
1.130878e+01 3.253242e+01 2.452892e+00 1.130878e+01 3.253242e+01 2.452892e+00 -7.838672e-06 6.407862e-07 -1.948033e-05 1.701720e+00
1.136261e+01 3.352404e+01 2.419612e+00 1.136261e+01 3.352404e+01 2.419612e+00 -1.334553e-05 -4.982304e-07 -2.805320e-05 1.226426e+00
9.532745e+00 3.273959e+01 2.463111e+00 9.532745e+00 3.273959e+01 2.463111e+00 -1.795482e-06 -2.954904e-06 4.456959e-07 2.039668e+00
1.044458e+01 3.313333e+01 2.431356e+00 1.044458e+01 3.313333e+01 2.431356e+00 -1.708630e-06 -2.807018e-06 3.089345e-07 1.684633e+00
9.560832e+00 3.642706e+01 2.547365e+00 9.560832e+00 3.642706e+01 2.547365e+00 -3.608711e-06 -3.559323e-06 2.097770e-06 4.980759e-01
1.047945e+01 3.505547e+01 2.400344e+00 1.047945e+01 3.505547e+01 2.400344e+00 -1.373998e-06 -2.479593e-06 -3.851694e-07 7.391443e-01
9.545317e+00 3.551529e+01 2.397411e+00 9.545317e+00 3.551529e+01 2.397411e+00 -2.316673e-06 -3.412776e-06 -1.261884e-06 6.619487e-01
1.132694e+01 3.648139e+01 2.769320e+00 1.132694e+01 3.648139e+01 2.769320e+00 -3.500367e-06 -3.755570e-06 3.941365e-06 4.935546e-01
9.528014e+00 3.366403e+01 2.409454e+00 9.528014e+00 3.366403e+01 2.409454e+00 -2.180048e-06 -2.886325e-06 2.600666e-06 1.562708e+00
9.519169e+00 3.459033e+01 2.374019e+00 9.519169e+00 3.459033e+01 2.374019e+00 -3.027348e-06 -2.775097e-06 2.374534e-06 1.050706e+00
1.479882e+01 3.527510e+01 3.879224e+00 1.479882e+01 3.527510e+01 3.879224e+00 -5.731167e-06 -1.016798e-05 7.395126e-06 3.692967e-01
1.316372e+01 3.615291e+01 3.210732e+00 1.316372e+01 3.615291e+01 3.210732e+00 -4.114544e-06 -5.601660e-06 5.846530e-06 4.955830e-01
1.394981e+01 3.617549e+01 3.806421e+00 1.394981e+01 3.617549e+01 3.806421e+00 -5.634604e-06 -8.368664e-06 7.117273e-06 5.240050e-01
1.183640e+01 3.755743e+01 3.757630e+00 1.183640e+01 3.755743e+01 3.757630e+00 -5.237427e-06 -7.310851e-06 7.921389e-06 8.360313e-01
1.294137e+01 3.694925e+01 3.760864e+00 1.294137e+01 3.694925e+01 3.760864e+00 -5.161495e-06 -7.629643e-06 7.686211e-06 6.793385e-01
1.338749e+01 2.489733e+01 2.681881e+00 1.338749e+01 2.489733e+01 2.681881e+00 -3.130410e-06 -4.985175e-06 -3.292445e-06 5.768119e-01
1.342837e+01 2.660788e+01 2.481505e+00 1.342837e+01 2.660788e+01 2.481505e+00 -4.566851e-06 -5.094175e-06 -6.488235e-06 5.138186e-01
1.297959e+01 2.570256e+01 2.479181e+00 1.297959e+01 2.570256e+01 2.479181e+00 -3.256585e-06 -1.538733e-06 1.226783e-05 4.987240e-01
1.179021e+01 2.710578e+01 2.438044e+00 1.179021e+01 2.710578e+01 2.438044e+00 5.135483e-07 -1.258426e-06 -5.708345e-06 1.329724e+00
1.236754e+01 2.638063e+01 2.421338e+00 1.236754e+01 2.638063e+01 2.421338e+00 -4.777077e-05 -5.100908e-07 -1.181356e-04 7.897323e-01
1.362252e+01 3.587194e+01 6.207034e+00 1.362252e+01 3.587194e+01 6.207034e+00 -1.049563e-05 -1.753839e-05 5.371808e-06 9.475186e-01
1.410351e+01 3.640568e+01 5.125352e+00 1.410351e+01 3.640568e+01 5.125352e+00 -8.970494e-06 -1.310003e-05 7.714255e-06 5.960450e-01
1.343554e+01 3.664158e+01 5.722503e+00 1.343554e+01 3.664158e+01 5.722503e+00 -9.890550e-06 -1.577831e-05 7.585607e-06 8.064942e-01
1.250559e+01 3.752328e+01 4.416700e+00 1.250559e+01 3.752328e+01 4.416700e+00 -6.428018e-06 -1.019203e-05 8.890265e-06 9.029326e-01
1.305590e+01 3.721376e+01 5.101529e+00 1.305590e+01 3.721376e+01 5.101529e+00 -7.923212e-06 -1.338444e-05 8.714746e-06 8.626257e-01
8.808779e+00 2.934569e+01 6.796762e+00 8.808779e+00 2.934569e+01 6.796762e+00 -2.245875e-06 -2.566430e-05 1.247484e-08 1.677240e+01
4.724174e+00 2.337386e+01 3.162103e+00 4.724174e+00 2.337386e+01 3.162103e+00 1.160781e-05 -1.682068e-05 -5.619858e-06 8.216098e-01
6.212423e+00 2.230719e+01 3.583851e+00 6.212423e+00 2.230719e+01 3.583851e+00 1.082345e-05 -1.560116e-05 -7.444399e-06 9.088376e-01
1.005739e+01 2.160583e+01 4.847916e+00 1.005739e+01 2.160583e+01 4.847916e+00 6.439546e-06 -1.702889e-05 -8.463244e-06 9.955343e-01
8.042256e+00 2.166467e+01 4.189659e+00 8.042256e+00 2.166467e+01 4.189659e+00 8.767170e-06 -1.606975e-05 -8.533689e-06 9.718200e-01
9.360263e+00 2.164665e+01 4.170990e+00 9.360263e+00 2.164665e+01 4.170990e+00 6.736770e-06 -1.440328e-05 -8.911676e-06 1.005192e+00
8.087247e+00 2.260610e+01 3.031260e+00 8.087247e+00 2.260610e+01 3.031260e+00 7.171706e-06 -9.366788e-06 -6.648840e-06 7.458846e-01
8.690619e+00 2.199971e+01 3.541792e+00 8.690619e+00 2.199971e+01 3.541792e+00 7.088896e-06 -1.165410e-05 -8.244044e-06 8.993862e-01
1.260898e+01 2.331494e+01 3.059118e+00 1.260898e+01 2.331494e+01 3.059118e+00 -1.694798e-06 -6.574934e-06 -6.385788e-06 7.371931e-01
1.117288e+01 2.225197e+01 3.514657e+00 1.117288e+01 2.225197e+01 3.514657e+00 2.111791e-06 -9.497285e-06 -8.386464e-06 9.187506e-01
1.157743e+01 2.294206e+01 3.008717e+00 1.157743e+01 2.294206e+01 3.008717e+00 -5.715628e-07 -6.972318e-06 -6.564790e-06 7.434922e-01
9.275757e+00 2.259332e+01 3.016818e+00 9.275757e+00 2.259332e+01 3.016818e+00 4.588305e-06 -7.630802e-06 -6.907757e-06 7.521162e-01
1.045362e+01 2.270379e+01 3.002172e+00 1.045362e+01 2.270379e+01 3.002172e+00 2.191793e-06 -6.744492e-06 -6.868130e-06 7.539105e-01
8.610292e+00 3.588764e+01 2.427294e+00 8.610292e+00 3.588764e+01 2.427294e+00 -2.481187e-06 -3.633040e-06 7.159081e-08 5.995996e-01
5.135123e+00 2.475100e+01 2.546210e+00 5.135123e+00 2.475100e+01 2.546210e+00 7.124981e-06 -1.685939e-05 -1.051854e-05 6.707649e-01
6.589303e+00 2.519464e+01 2.411990e+00 6.589303e+00 2.519464e+01 2.411990e+00 8.146030e-07 -3.737166e-06 -2.266227e-06 9.462281e-01
9.734353e+00 2.673312e+01 2.451037e+00 9.734353e+00 2.673312e+01 2.451037e+00 2.073365e-06 -5.090121e-06 -4.680647e-06 1.816095e+00
8.160630e+00 2.588117e+01 2.417077e+00 8.160630e+00 2.588117e+01 2.417077e+00 5.979839e-07 -4.395118e-06 -4.308575e-07 1.400747e+00
9.213454e+00 2.588719e+01 2.415257e+00 9.213454e+00 2.588719e+01 2.415257e+00 1.045499e-06 -5.069839e-06 7.777051e-07 1.395464e+00
8.138031e+00 2.417276e+01 2.476282e+00 8.138031e+00 2.417276e+01 2.476282e+00 4.083229e-06 -6.072415e-06 1.148842e-06 7.294593e-01
8.664181e+00 2.502291e+01 2.406316e+00 8.664181e+00 2.502291e+01 2.406316e+00 -2.979387e-06 2.169725e-06 1.007287e-05 9.898890e-01
1.241101e+01 2.491866e+01 2.493002e+00 1.241101e+01 2.491866e+01 2.493002e+00 -1.581620e-06 -4.234644e-06 -3.522040e-07 5.708099e-01
1.066686e+01 2.514077e+01 2.394320e+00 1.066686e+01 2.514077e+01 2.394320e+00 6.064438e-06 -8.709871e-06 -1.517522e-05 7.999293e-01
1.125763e+01 2.442545e+01 2.467801e+00 1.125763e+01 2.442545e+01 2.467801e+00 -1.583223e-05 9.514530e-06 -6.359265e-05 6.205164e-01
9.192931e+00 2.416313e+01 2.469829e+00 9.192931e+00 2.416313e+01 2.469829e+00 3.027714e-06 -5.773637e-06 2.783582e-06 7.076651e-01
1.023337e+01 2.423546e+01 2.463513e+00 1.023337e+01 2.423546e+01 2.463513e+00 -3.462505e-06 3.357303e-06 -1.811541e-05 6.664670e-01
5.076725e+00 3.511256e+01 6.798690e+00 5.076725e+00 3.511256e+01 6.798690e+00 -7.236211e-07 -2.430485e-05 1.077310e-06 2.195021e+00
6.664448e+00 3.467494e+01 6.901903e+00 6.664448e+00 3.467494e+01 6.901903e+00 -3.224228e-06 -2.582928e-05 1.055386e-07 4.295245e+00
9.856734e+00 3.318510e+01 6.866914e+00 9.856734e+00 3.318510e+01 6.866914e+00 -4.353593e-06 -2.438897e-05 -3.693909e-07 8.922933e+00
8.262171e+00 3.402760e+01 6.884932e+00 8.262171e+00 3.402760e+01 6.884932e+00 -3.923561e-06 -2.537767e-05 -2.635265e-07 6.867769e+00
9.320389e+00 3.403466e+01 6.886002e+00 9.320389e+00 3.403466e+01 6.886002e+00 -4.224387e-06 -2.481327e-05 -2.749093e-07 6.818453e+00
8.206038e+00 3.570813e+01 6.828058e+00 8.206038e+00 3.570813e+01 6.828058e+00 -4.518931e-06 -2.495597e-05 1.357832e-06 2.963866e+00
8.773969e+00 3.487847e+01 6.887202e+00 8.773969e+00 3.487847e+01 6.887202e+00 -4.425611e-06 -2.512487e-05 1.985022e-07 4.753313e+00
1.219932e+01 3.521684e+01 6.808570e+00 1.219932e+01 3.521684e+01 6.808570e+00 -9.790638e-06 -2.059220e-05 1.909987e-06 2.186032e+00
1.094622e+01 3.467382e+01 6.905666e+00 1.094622e+01 3.467382e+01 6.905666e+00 -2.637253e-06 -2.528408e-05 3.013752e-07 4.241556e+00
1.129227e+01 3.551889e+01 6.834170e+00 1.129227e+01 3.551889e+01 6.834170e+00 -9.773726e-06 -2.205292e-05 1.673538e-06 2.508197e+00
9.282791e+00 3.572646e+01 6.829973e+00 9.282791e+00 3.572646e+01 6.829973e+00 -6.365312e-06 -2.413239e-05 1.434194e-06 2.933600e+00
1.031815e+01 3.566867e+01 6.836499e+00 1.031815e+01 3.566867e+01 6.836499e+00 -8.415139e-06 -2.269594e-05 1.450508e-06 2.770854e+00
4.782056e+00 3.655213e+01 6.207651e+00 4.782056e+00 3.655213e+01 6.207651e+00 -9.799255e-07 -2.247515e-05 4.189879e-06 1.031844e+00
6.235278e+00 3.759222e+01 5.777428e+00 6.235278e+00 3.759222e+01 5.777428e+00 -2.894328e-06 -2.025894e-05 6.244057e-06 9.470332e-01
1.001558e+01 3.829258e+01 4.430558e+00 1.001558e+01 3.829258e+01 4.430558e+00 -6.131040e-06 -1.108012e-05 8.719033e-06 1.090449e+00
8.031450e+00 3.823928e+01 5.137342e+00 8.031450e+00 3.823928e+01 5.137342e+00 -5.408490e-06 -1.602656e-05 7.954197e-06 1.054609e+00
9.336629e+00 3.825682e+01 5.124067e+00 9.336629e+00 3.825682e+01 5.124067e+00 -6.367262e-06 -1.490956e-05 8.441703e-06 1.074680e+00
8.113893e+00 3.727593e+01 6.294386e+00 8.113893e+00 3.727593e+01 6.294386e+00 -4.957926e-06 -2.168512e-05 5.078201e-06 1.095822e+00
8.692791e+00 3.789636e+01 5.773465e+00 8.692791e+00 3.789636e+01 5.773465e+00 -5.981739e-06 -1.870031e-05 7.060360e-06 9.851368e-01
1.263297e+01 3.661580e+01 6.198780e+00 1.263297e+01 3.661580e+01 6.198780e+00 -1.076368e-05 -1.793598e-05 6.199239e-06 8.833640e-01
1.116673e+01 3.766635e+01 5.744520e+00 1.116673e+01 3.766635e+01 5.744520e+00 -8.397406e-06 -1.684968e-05 7.832403e-06 9.573622e-01
1.159258e+01 3.699464e+01 6.254087e+00 1.159258e+01 3.699464e+01 6.254087e+00 -9.733409e-06 -1.914352e-05 6.020826e-06 9.759003e-01
9.299278e+00 3.730468e+01 6.286070e+00 9.299278e+00 3.730468e+01 6.286070e+00 -6.948306e-06 -2.088355e-05 5.450663e-06 1.091846e+00
1.046763e+01 3.721821e+01 6.277150e+00 1.046763e+01 3.721821e+01 6.277150e+00 -8.431222e-06 -2.000216e-05 5.752726e-06 1.052980e+00
1.187851e+01 2.378338e+01 2.675272e+00 1.187851e+01 2.378338e+01 2.675272e+00 -1.977928e-06 -6.060783e-06 -3.408617e-06 6.646108e-01
1.190603e+01 3.616879e+01 6.602867e+00 1.190603e+01 3.616879e+01 6.602867e+00 -1.079400e-05 -2.025488e-05 3.925707e-06 1.366567e+00
