5.439840e+01 3.564769e+01 6.537790e+00 5.439840e+01 3.564769e+01 6.537790e+00 -2.620947e-05 -1.176637e-05 -3.528460e-07 2.403025e+00
6.776916e+01 3.499529e+01 6.606240e+00 6.776916e+01 3.499529e+01 6.606240e+00 -2.910539e-05 -3.496877e-05 2.530652e-06 2.572563e+00
5.475922e+01 4.003643e+01 2.730878e+00 5.475922e+01 4.003643e+01 2.730878e+00 -9.228368e-06 -1.051207e-05 -2.398880e-06 7.426937e-01
6.810931e+01 3.935546e+01 2.811426e+00 6.810931e+01 3.935546e+01 2.811426e+00 -4.037886e-06 -3.577223e-05 4.695106e-06 7.700119e-01
6.088560e+01 3.043050e+01 6.519127e+00 6.088560e+01 3.043050e+01 6.519127e+00 -2.630013e-05 -2.233395e-05 -5.151651e-07 2.296948e+00
6.133245e+01 3.760518e+01 2.573099e+00 6.133245e+01 3.760518e+01 2.573099e+00 -8.731070e-06 -7.169534e-06 8.030108e-07 3.249457e+00
6.118159e+01 3.741659e+01 6.796482e+00 6.118159e+01 3.741659e+01 6.796482e+00 -2.464529e-05 -2.472773e-05 -1.522180e-07 1.591211e+01
6.162034e+01 4.458824e+01 2.739492e+00 6.162034e+01 4.458824e+01 2.739492e+00 -9.289769e-07 -1.050849e-05 4.719163e-06 1.186392e+00
5.692017e+01 3.213593e+01 2.713867e+00 5.692017e+01 3.213593e+01 2.713867e+00 -2.602782e-05 -7.879831e-06 2.448197e-06 4.836711e-01
5.744185e+01 4.334583e+01 6.587102e+00 5.744185e+01 4.334583e+01 6.587102e+00 -9.395292e-06 -1.657350e-05 -2.789695e-07 2.545309e+00
6.514381e+01 3.170961e+01 2.724370e+00 6.514381e+01 3.170961e+01 2.724370e+00 -2.708804e-05 -1.827772e-05 -5.019565e-06 5.279585e-01
6.557768e+01 4.289358e+01 6.609782e+00 6.557768e+01 4.289358e+01 6.609782e+00 -9.223777e-06 -3.722919e-05 2.520645e-06 2.642385e+00
5.281884e+01 3.795563e+01 4.621712e+00 5.281884e+01 3.795563e+01 4.621712e+00 -1.441689e-05 -1.080652e-05 -6.831514e-06 1.160447e+00
5.719933e+01 3.245172e+01 6.666149e+00 5.719933e+01 3.245172e+01 6.666149e+00 -3.144536e-05 -1.727864e-05 -2.078408e-06 2.263315e+00
5.778817e+01 3.650384e+01 6.876526e+00 5.778817e+01 3.650384e+01 6.876526e+00 -2.557065e-05 -1.909683e-05 4.193641e-07 8.461542e+00
5.415787e+01 3.289249e+01 4.568014e+00 5.415787e+01 3.289249e+01 4.568014e+00 -2.806642e-05 -5.302793e-06 -4.916731e-06 7.110536e-01
5.528054e+01 3.974786e+01 6.719352e+00 5.528054e+01 3.974786e+01 6.719352e+00 -1.821730e-05 -1.403649e-05 -1.453468e-06 2.667521e+00
6.972260e+01 3.707527e+01 4.749094e+00 6.972260e+01 3.707527e+01 4.749094e+00 -1.710022e-05 -4.186489e-05 7.179546e-06 1.186077e+00
6.473086e+01 3.214600e+01 6.706316e+00 6.473086e+01 3.214600e+01 6.706316e+00 -3.278835e-05 -2.787286e-05 -1.366194e-07 2.320611e+00
6.447313e+01 3.619441e+01 6.871042e+00 6.447313e+01 3.619441e+01 6.871042e+00 -2.731697e-05 -3.058332e-05 -2.763410e-07 8.520254e+00
6.788479e+01 3.220547e+01 4.676094e+00 6.788479e+01 3.220547e+01 4.676094e+00 -3.021466e-05 -3.288039e-05 5.817431e-07 6.716052e-01
6.734105e+01 3.912329e+01 6.738367e+00 6.734105e+01 3.912329e+01 6.738367e+00 -1.977566e-05 -3.864288e-05 1.978329e-06 2.806895e+00
5.805062e+01 3.884428e+01 2.473876e+00 5.805062e+01 3.884428e+01 2.473876e+00 -7.950333e-06 -5.931207e-06 3.694098e-07 1.770526e+00
5.777240e+01 4.291359e+01 2.624139e+00 5.777240e+01 4.291359e+01 2.624139e+00 -4.349052e-06 -8.584230e-06 4.516098e-07 9.804157e-01
5.516077e+01 3.591459e+01 2.602583e+00 5.516077e+01 3.591459e+01 2.602583e+00 -1.183792e-05 -5.985353e-06 -3.016240e-06 5.876881e-01
5.467439e+01 4.281718e+01 4.685116e+00 5.467439e+01 4.281718e+01 4.685116e+00 -8.490548e-06 -1.133139e-05 -2.037839e-06 1.184205e+00
6.473501e+01 3.846260e+01 2.453859e+00 6.473501e+01 3.846260e+01 2.453859e+00 -6.936096e-06 -1.583604e-05 -2.062513e-06 1.894091e+00
6.532627e+01 4.251313e+01 2.633378e+00 6.532627e+01 4.251313e+01 2.633378e+00 2.105893e-06 -2.487811e-05 2.323909e-06 8.785661e-01
6.728913e+01 3.525474e+01 2.631911e+00 6.728913e+01 3.525474e+01 2.631911e+00 -1.539492e-05 -3.259399e-05 -1.509659e-06 5.703312e-01
6.833301e+01 4.212291e+01 4.762341e+00 6.833301e+01 4.212291e+01 4.762341e+00 -5.402812e-06 -3.914334e-05 8.458941e-06 1.268002e+00
6.101796e+01 3.391304e+01 6.878094e+00 6.101796e+01 3.391304e+01 6.878094e+00 -3.104940e-05 -2.365369e-05 3.686971e-07 7.988231e+00
5.827011e+01 2.958538e+01 4.522272e+00 5.827011e+01 2.958538e+01 4.522272e+00 -2.276111e-05 -9.136872e-06 -3.956550e-06 9.172992e-01
6.347768e+01 2.939541e+01 4.580684e+00 6.347768e+01 2.939541e+01 4.580684e+00 -3.001094e-05 -1.812607e-05 -5.915092e-06 1.002518e+00
6.149939e+01 4.110946e+01 2.411301e+00 6.149939e+01 4.110946e+01 2.411301e+00 -1.856560e-06 -8.543754e-06 -4.637185e-07 2.000294e+00
5.912541e+01 3.486421e+01 2.469392e+00 5.912541e+01 3.486421e+01 2.469392e+00 -1.478763e-05 -1.386831e-06 1.866120e-06 2.136967e+00
6.326631e+01 3.467095e+01 2.446532e+00 6.326631e+01 3.467095e+01 2.446532e+00 -1.578328e-05 -1.065665e-05 1.193060e-06 2.157859e+00
5.928654e+01 4.036870e+01 6.871993e+00 5.928654e+01 4.036870e+01 6.871993e+00 -1.805543e-05 -2.135258e-05 -5.014026e-08 9.309676e+00
6.338973e+01 4.015041e+01 6.869488e+00 6.338973e+01 4.015041e+01 6.869488e+00 -1.836870e-05 -3.022535e-05 -4.258477e-07 9.342668e+00
5.906928e+01 4.567839e+01 4.706155e+00 5.906928e+01 4.567839e+01 4.706155e+00 -2.592185e-06 -1.616966e-05 4.968508e-06 1.151209e+00
6.425430e+01 4.540228e+01 4.722160e+00 6.425430e+01 4.540228e+01 4.722160e+00 8.443316e-07 -2.772814e-05 7.457933e-06 1.142215e+00
6.099791e+01 3.124685e+01 2.559681e+00 6.099791e+01 3.124685e+01 2.559681e+00 -2.741497e-05 -1.458052e-06 -2.210599e-06 4.643327e-01
6.154569e+01 4.378797e+01 6.728479e+00 6.154569e+01 4.378797e+01 6.728479e+00 -7.863434e-06 -2.678186e-05 9.177040e-07 3.003405e+00
5.319023e+01 3.671510e+01 5.817475e+00 5.319023e+01 3.671510e+01 5.817475e+00 -2.126506e-05 -9.655155e-06 -4.083974e-06 1.728229e+00
5.557514e+01 3.400585e+01 6.662542e+00 5.557514e+01 3.400585e+01 6.662542e+00 -2.988739e-05 -1.459017e-05 -4.647185e-07 2.626870e+00
5.606393e+01 3.604594e+01 6.904568e+00 5.606393e+01 3.604594e+01 6.904568e+00 -2.598819e-05 -1.629194e-05 8.345611e-07 4.548880e+00
5.387510e+01 3.414017e+01 5.788927e+00 5.387510e+01 3.414017e+01 5.788927e+00 -2.827627e-05 -9.539811e-06 -2.144665e-06 1.339578e+00
5.463032e+01 3.762272e+01 6.697030e+00 5.463032e+01 3.762272e+01 6.697030e+00 -2.259726e-05 -1.276242e-05 -1.097092e-06 2.712953e+00
6.911361e+01 3.591211e+01 5.930143e+00 6.911361e+01 3.591211e+01 5.930143e+00 -2.500328e-05 -3.974335e-05 5.182382e-06 1.982826e+00
6.644353e+01 3.352344e+01 6.723226e+00 6.644353e+01 3.352344e+01 6.723226e+00 -3.192480e-05 -3.066399e-05 1.202359e-06 2.688540e+00
6.614868e+01 3.558672e+01 6.911977e+00 6.614868e+01 3.558672e+01 6.911977e+00 -2.856071e-05 -3.310157e-05 1.033628e-07 4.636544e+00
6.817937e+01 3.342786e+01 5.913880e+00 6.817937e+01 3.342786e+01 5.913880e+00 -3.116922e-05 -3.571015e-05 3.307591e-06 1.338235e+00
6.774162e+01 3.697518e+01 6.732781e+00 6.774162e+01 3.697518e+01 6.732781e+00 -2.493519e-05 -3.686165e-05 2.045716e-06 2.925938e+00
5.637244e+01 3.943204e+01 2.401780e+00 5.637244e+01 3.943204e+01 2.401780e+00 -7.625362e-06 -6.755503e-06 -3.590977e-07 9.605663e-01
5.606825e+01 4.152409e+01 2.624419e+00 5.606825e+01 4.152409e+01 2.624419e+00 -7.276214e-06 -1.033453e-05 -9.374003e-07 1.094444e+00
5.477276e+01 3.805615e+01 2.594707e+00 5.477276e+01 3.805615e+01 2.594707e+00 -1.031944e-05 -9.053378e-06 -3.043240e-06 8.135318e-01
5.435180e+01 4.159261e+01 3.453540e+00 5.435180e+01 4.159261e+01 3.453540e+00 -8.348138e-06 -1.024199e-05 -2.835631e-06 1.059208e+00
6.646239e+01 3.890213e+01 2.433148e+00 6.646239e+01 3.890213e+01 2.433148e+00 3.798431e-07 -4.466167e-05 -4.009710e-07 8.527579e-01
6.693414e+01 4.097555e+01 2.672692e+00 6.693414e+01 4.097555e+01 2.672692e+00 6.141919e-07 -3.161149e-05 3.683239e-06 9.596810e-01
6.790334e+01 3.737711e+01 2.663477e+00 6.790334e+01 3.737711e+01 2.663477e+00 -8.330370e-06 -3.585117e-05 1.870183e-06 8.506743e-01
6.861628e+01 4.087052e+01 3.553016e+00 6.861628e+01 4.087052e+01 3.553016e+00 -2.732915e-06 -3.784756e-05 8.138694e-06 1.273004e+00
6.095174e+01 3.213406e+01 6.904179e+00 6.095174e+01 3.213406e+01 6.904179e+00 -3.326260e-05 -2.307992e-05 7.364197e-07 3.934865e+00
5.952306e+01 2.960633e+01 5.766265e+00 5.952306e+01 2.960633e+01 5.766265e+00 -2.539778e-05 -1.858248e-05 -3.714059e-06 1.641820e+00
6.219035e+01 2.950547e+01 5.783074e+00 6.219035e+01 2.950547e+01 5.783074e+00 -2.917280e-05 -2.230174e-05 -4.562433e-06 1.782629e+00
6.141841e+01 3.934007e+01 2.524201e+00 6.141841e+01 3.934007e+01 2.524201e+00 -5.461401e-06 -7.854984e-06 9.514867e-08 3.155017e+00
6.022992e+01 3.626277e+01 2.548918e+00 6.022992e+01 3.626277e+01 2.548918e+00 -1.130888e-05 -4.656361e-06 1.269642e-06 3.360314e+00
6.229374e+01 3.616010e+01 2.544140e+00 6.229374e+01 3.616010e+01 2.544140e+00 -1.255090e-05 -9.341212e-06 1.433463e-06 3.361839e+00
6.024075e+01 3.887245e+01 6.814967e+00 6.024075e+01 3.887245e+01 6.814967e+00 -2.153329e-05 -2.314807e-05 -8.586490e-08 1.419864e+01
6.227357e+01 3.876670e+01 6.813266e+00 6.227357e+01 3.876670e+01 6.813266e+00 -2.165304e-05 -2.733774e-05 -2.987605e-07 1.421524e+01
6.033596e+01 4.553774e+01 3.482662e+00 6.033596e+01 4.553774e+01 3.482662e+00 -8.995025e-07 -1.248797e-05 6.558459e-06 1.205773e+00
6.299443e+01 4.539853e+01 3.484804e+00 6.299443e+01 4.539853e+01 3.484804e+00 8.048906e-07 -1.742470e-05 7.997742e-06 1.192633e+00
5.882245e+01 3.154309e+01 2.574889e+00 5.882245e+01 3.154309e+01 2.574889e+00 -2.619211e-05 2.514918e-06 -1.914118e-07 7.091664e-01
5.937921e+01 4.373006e+01 6.718652e+00 5.937921e+01 4.373006e+01 6.718652e+00 -8.615774e-06 -2.121394e-05 4.724878e-07 3.027825e+00
5.342302e+01 3.912333e+01 3.432601e+00 5.342302e+01 3.912333e+01 3.432601e+00 -1.090767e-05 -9.630404e-06 -4.467309e-06 9.214129e-01
5.357591e+01 3.911322e+01 5.949451e+00 5.357591e+01 3.911322e+01 5.949451e+00 -1.715176e-05 -1.091715e-05 -4.812700e-06 1.406342e+00
5.339114e+01 4.053712e+01 4.679273e+00 5.339114e+01 4.053712e+01 4.679273e+00 -1.170429e-05 -1.011727e-05 -4.875359e-06 1.284926e+00
5.307754e+01 3.533062e+01 4.574548e+00 5.307754e+01 3.533062e+01 4.574548e+00 -2.032331e-05 -8.617919e-06 -6.269153e-06 5.881786e-01
5.350533e+01 3.673789e+01 3.336880e+00 5.350533e+01 3.673789e+01 3.336880e+00 -1.267344e-05 -9.617689e-06 -6.339751e-06 5.446807e-01
5.905660e+01 3.122722e+01 6.662349e+00 5.905660e+01 3.122722e+01 6.662349e+00 -2.874363e-05 -2.122810e-05 -1.404209e-06 2.406078e+00
5.539662e+01 3.220585e+01 5.856906e+00 5.539662e+01 3.220585e+01 5.856906e+00 -3.052983e-05 -1.120126e-05 -5.452917e-06 1.444202e+00
5.736129e+01 3.063334e+01 5.850616e+00 5.736129e+01 3.063334e+01 5.850616e+00 -2.753496e-05 -1.311164e-05 -6.210884e-06 1.293788e+00
5.744137e+01 3.446385e+01 6.889779e+00 5.744137e+01 3.446385e+01 6.889779e+00 -2.935556e-05 -1.872282e-05 4.597907e-07 5.235453e+00
5.910267e+01 3.313952e+01 6.891237e+00 5.910267e+01 3.313952e+01 6.891237e+00 -3.151820e-05 -2.132797e-05 3.162743e-07 5.076576e+00
5.950564e+01 3.696326e+01 6.818089e+00 5.950564e+01 3.696326e+01 6.818089e+00 -2.514916e-05 -2.195995e-05 9.245070e-08 1.347348e+01
5.927791e+01 3.505607e+01 6.857395e+00 5.927791e+01 3.505607e+01 6.857395e+00 -2.876701e-05 -2.152395e-05 3.264352e-07 9.338697e+00
5.648321e+01 3.810777e+01 6.896597e+00 5.648321e+01 3.810777e+01 6.896597e+00 -2.228849e-05 -1.660259e-05 2.244553e-07 5.724477e+00
5.836153e+01 3.850427e+01 6.854076e+00 5.836153e+01 3.850427e+01 6.854076e+00 -2.191355e-05 -1.989027e-05 1.458658e-07 1.016266e+01
5.528896e+01 3.221619e+01 3.386704e+00 5.528896e+01 3.221619e+01 3.386704e+00 -2.593006e-05 -5.018305e-07 -3.343491e-06 7.180176e-01
5.414112e+01 3.435185e+01 3.323987e+00 5.414112e+01 3.435185e+01 3.323987e+00 -1.649490e-05 -6.317885e-06 -6.774191e-06 4.175149e-01
5.598543e+01 3.091331e+01 4.550875e+00 5.598543e+01 3.091331e+01 4.550875e+00 -2.496393e-05 -4.869081e-06 -8.374739e-06 1.034913e+00
5.626984e+01 4.172893e+01 6.717722e+00 5.626984e+01 4.172893e+01 6.717722e+00 -1.352535e-05 -1.484890e-05 -1.009087e-06 2.880058e+00
5.726220e+01 4.008338e+01 6.895782e+00 5.726220e+01 4.008338e+01 6.895782e+00 -1.828594e-05 -1.755761e-05 -1.063039e-07 5.949171e+00
5.448324e+01 4.141605e+01 5.974136e+00 5.448324e+01 4.141605e+01 5.974136e+00 -1.296613e-05 -1.212627e-05 -2.911521e-06 1.362073e+00
6.931499e+01 3.829954e+01 3.543940e+00 6.931499e+01 3.829954e+01 3.543940e+00 -9.050628e-06 -3.981467e-05 6.825425e-06 1.149798e+00
6.916385e+01 3.448754e+01 4.705091e+00 6.916385e+01 3.448754e+01 4.705091e+00 -2.449478e-05 -3.957412e-05 4.859467e-06 5.748116e-01
6.898331e+01 3.591104e+01 3.431622e+00 6.898331e+01 3.591104e+01 3.431622e+00 -1.564695e-05 -3.915473e-05 4.053498e-06 5.781978e-01
6.900622e+01 3.830369e+01 6.024213e+00 6.900622e+01 3.830369e+01 6.024213e+00 -1.924041e-05 -4.136811e-05 5.585537e-06 1.515584e+00
6.940820e+01 3.970179e+01 4.784399e+00 6.940820e+01 3.970179e+01 4.784399e+00 -1.044768e-05 -4.162217e-05 8.552649e-06 1.343983e+00
6.278217e+01 3.107446e+01 6.677732e+00 6.278217e+01 3.107446e+01 6.677732e+00 -2.963335e-05 -2.514788e-05 -5.923535e-07 2.482503e+00
6.462598e+01 3.415431e+01 6.895141e+00 6.462598e+01 3.415431e+01 6.895141e+00 -3.112351e-05 -2.938324e-05 7.701324e-08 5.271938e+00
6.286856e+01 3.297901e+01 6.894921e+00 6.286856e+01 3.297901e+01 6.894921e+00 -3.218645e-05 -2.616118e-05 3.602053e-07 5.097557e+00
6.654702e+01 3.172842e+01 5.963656e+00 6.654702e+01 3.172842e+01 5.963656e+00 -3.241329e-05 -2.741108e-05 5.234597e-07 1.472039e+00
6.445274e+01 3.036296e+01 5.911031e+00 6.445274e+01 3.036296e+01 5.911031e+00 -3.113437e-05 -2.434010e-05 -3.572671e-06 1.395525e+00
6.280716e+01 3.681047e+01 6.814658e+00 6.280716e+01 3.681047e+01 6.814658e+00 -2.596706e-05 -2.760649e-05 -2.453443e-07 1.349816e+01
6.594359e+01 3.764711e+01 6.894959e+00 6.594359e+01 3.764711e+01 6.894959e+00 -2.411596e-05 -3.440764e-05 -1.342463e-07 5.835976e+00
6.411109e+01 3.822115e+01 6.849808e+00 6.411109e+01 3.822115e+01 6.849808e+00 -2.284997e-05 -3.094646e-05 -3.812020e-07 1.021068e+01
6.284851e+01 3.489712e+01 6.854454e+00 6.284851e+01 3.489712e+01 6.854454e+00 -2.974505e-05 -2.698233e-05 6.886860e-09 9.360550e+00
6.675525e+01 3.165910e+01 3.436811e+00 6.675525e+01 3.165910e+01 3.436811e+00 -2.738160e-05 -2.428833e-05 -5.008684e-06 5.749219e-01
6.591194e+01 3.051854e+01 4.651471e+00 6.591194e+01 3.051854e+01 4.651471e+00 -2.943828e-05 -2.099285e-05 -2.958672e-06 1.039064e+00
6.809721e+01 3.360560e+01 3.389632e+00 6.809721e+01 3.360560e+01 3.389632e+00 -2.267897e-05 -3.416450e-05 3.967102e-07 3.475295e-01
6.657327e+01 4.117427e+01 6.733623e+00 6.657327e+01 4.117427e+01 6.733623e+00 -1.423097e-05 -3.885571e-05 1.889195e-06 2.829347e+00
6.834409e+01 4.068939e+01 6.027953e+00 6.834409e+01 4.068939e+01 6.027953e+00 -1.329507e-05 -4.133065e-05 5.750931e-06 1.478827e+00
6.538681e+01 3.966182e+01 6.894328e+00 6.538681e+01 3.966182e+01 6.894328e+00 -1.928619e-05 -3.466857e-05 -2.026290e-07 6.042529e+00
5.970947e+01 3.821729e+01 2.544799e+00 5.970947e+01 3.821729e+01 2.544799e+00 -8.008278e-06 -5.680987e-06 2.966727e-07 2.821272e+00
5.787782e+01 4.090693e+01 2.442523e+00 5.787782e+01 4.090693e+01 2.442523e+00 -5.661059e-06 -6.705537e-06 -1.148495e-07 1.337663e+00
5.965626e+01 4.013368e+01 2.475032e+00 5.965626e+01 4.013368e+01 2.475032e+00 -5.022913e-06 -6.469234e-06 -5.271575e-07 2.242594e+00
5.656982e+01 3.739776e+01 2.421895e+00 5.656982e+01 3.739776e+01 2.421895e+00 -9.569423e-06 -5.076318e-06 -6.458591e-07 1.148762e+00
5.839439e+01 3.680203e+01 2.496663e+00 5.839439e+01 3.680203e+01 2.496663e+00 -1.029810e-05 -3.972138e-06 5.101757e-07 2.130079e+00
5.971734e+01 4.396287e+01 2.605659e+00 5.971734e+01 4.396287e+01 2.605659e+00 -1.855359e-06 -8.522240e-06 2.055068e-06 1.015487e+00
5.599283e+01 4.332916e+01 3.396591e+00 5.599283e+01 4.332916e+01 3.396591e+00 -6.144689e-06 -1.104719e-05 -4.109020e-07 9.839129e-01
5.807618e+01 4.470502e+01 3.401138e+00 5.807618e+01 4.470502e+01 3.401138e+00 -3.347579e-06 -1.111161e-05 2.903037e-06 1.021063e+00
5.960476e+01 4.205095e+01 2.401713e+00 5.960476e+01 4.205095e+01 2.401713e+00 -2.760633e-06 -7.217840e-06 -5.352615e-07 1.337544e+00
5.591051e+01 3.386378e+01 2.613587e+00 5.591051e+01 3.386378e+01 2.613587e+00 -1.106556e-05 -4.997101e-06 -1.957023e-06 7.202574e-01
5.712700e+01 3.536036e+01 2.452080e+00 5.712700e+01 3.536036e+01 2.452080e+00 -1.485499e-05 -5.647205e-07 5.294670e-07 1.200509e+00
5.582375e+01 4.339628e+01 5.893547e+00 5.582375e+01 4.339628e+01 5.893547e+00 -8.802736e-06 -1.357040e-05 -1.000543e-06 1.563392e+00
5.665814e+01 4.457341e+01 4.682943e+00 5.665814e+01 4.457341e+01 4.682943e+00 -5.472690e-06 -1.334148e-05 9.269595e-07 1.022630e+00
6.300949e+01 3.805073e+01 2.538816e+00 6.300949e+01 3.805073e+01 2.538816e+00 -7.794134e-06 -1.151237e-05 4.150234e-07 3.169383e+00
6.606465e+01 3.684595e+01 2.440490e+00 6.606465e+01 3.684595e+01 2.440490e+00 -1.029561e-05 -2.831011e-05 -3.186063e-06 1.127680e+00
6.417659e+01 3.650620e+01 2.477222e+00 6.417659e+01 3.650620e+01 2.477222e+00 -1.182669e-05 -1.373941e-05 -4.747562e-07 2.193353e+00
6.509660e+01 4.047780e+01 2.445006e+00 6.509660e+01 4.047780e+01 2.445006e+00 6.177484e-07 -2.583209e-05 -1.395065e-06 1.212710e+00
6.324904e+01 3.995248e+01 2.470181e+00 6.324904e+01 3.995248e+01 2.470181e+00 -3.439041e-06 -1.237528e-05 -1.696873e-07 2.158847e+00
6.344718e+01 4.377100e+01 2.601887e+00 6.344718e+01 4.377100e+01 2.601887e+00 -3.556463e-07 -1.444452e-05 3.466963e-06 1.028100e+00
6.342910e+01 4.186247e+01 2.396107e+00 6.342910e+01 4.186247e+01 2.396107e+00 2.093397e-07 -1.335231e-05 2.831075e-07 1.323920e+00
6.711156e+01 4.277248e+01 3.448926e+00 6.711156e+01 4.277248e+01 3.448926e+00 4.090493e-07 -3.264589e-05 6.921794e-06 9.862136e-01
6.515555e+01 4.433677e+01 3.412586e+00 6.515555e+01 4.433677e+01 3.412586e+00 1.747622e-06 -2.554801e-05 6.111284e-06 9.548573e-01
6.631439e+01 3.330425e+01 2.609915e+00 6.631439e+01 3.330425e+01 2.609915e+00 -2.190444e-05 -2.238074e-05 -4.016653e-06 6.091871e-01
6.529374e+01 3.491911e+01 2.418304e+00 6.529374e+01 3.491911e+01 2.418304e+00 -1.554191e-05 -1.732159e-05 -2.670059e-06 1.205520e+00
6.720412e+01 4.279769e+01 5.939535e+00 6.720412e+01 4.279769e+01 5.939535e+00 -8.129335e-06 -3.945958e-05 5.714002e-06 1.803305e+00
6.652217e+01 4.406610e+01 4.727321e+00 6.652217e+01 4.406610e+01 4.727321e+00 -1.857724e-06 -3.437406e-05 7.625742e-06 1.039331e+00
6.109535e+01 3.568518e+01 6.818525e+00 6.109535e+01 3.568518e+01 6.818525e+00 -2.810595e-05 -2.422238e-05 2.826040e-08 1.306603e+01
5.737474e+01 3.055082e+01 3.350458e+00 5.737474e+01 3.055082e+01 3.350458e+00 -1.923216e-05 -5.361064e-06 -2.267032e-06 7.364509e-01
6.085288e+01 2.910102e+01 4.532286e+00 6.085288e+01 2.910102e+01 4.532286e+00 -2.868331e-05 -1.437339e-05 -7.880530e-06 9.189452e-01
5.967489e+01 2.991532e+01 3.269200e+00 5.967489e+01 2.991532e+01 3.269200e+00 -2.586927e-05 -3.791139e-06 -5.359303e-06 4.237025e-01
6.447231e+01 3.022900e+01 3.395203e+00 6.447231e+01 3.022900e+01 3.395203e+00 -3.117866e-05 -1.674320e-05 -6.526209e-06 7.083908e-01
6.214217e+01 2.980514e+01 3.295204e+00 6.214217e+01 2.980514e+01 3.295204e+00 -2.949754e-05 -9.222451e-06 -7.021776e-06 4.123174e-01
6.150551e+01 4.288631e+01 2.359563e+00 6.150551e+01 4.288631e+01 2.359563e+00 -1.958947e-06 -8.940402e-06 4.799708e-07 1.752975e+00
5.805801e+01 3.343450e+01 2.433480e+00 5.805801e+01 3.343450e+01 2.433480e+00 -5.748390e-05 2.832432e-05 3.381000e-06 1.089924e+00
6.117843e+01 3.460177e+01 2.485062e+00 6.117843e+01 3.460177e+01 2.485062e+00 -1.700875e-05 -6.463615e-06 2.206158e-06 2.502651e+00
6.006129e+01 3.303084e+01 2.419049e+00 6.006129e+01 3.303084e+01 2.419049e+00 -3.016147e-05 1.083065e-06 2.398198e-06 1.347510e+00
6.421945e+01 3.315623e+01 2.392668e+00 6.421945e+01 3.315623e+01 2.392668e+00 -2.075725e-05 -1.330082e-05 -1.629041e-06 1.146295e+00
6.215283e+01 3.295076e+01 2.406301e+00 6.215283e+01 3.295076e+01 2.406301e+00 -2.234989e-05 -6.621130e-06 1.328178e-06 1.343766e+00
5.834029e+01 4.187795e+01 6.909840e+00 5.834029e+01 4.187795e+01 6.909840e+00 -1.423314e-05 -1.935455e-05 -2.137260e-07 5.100109e+00
6.134660e+01 4.044169e+01 6.850634e+00 6.134660e+01 4.044169e+01 6.850634e+00 -1.783384e-05 -2.574812e-05 -2.519650e-07 1.072002e+01
6.039831e+01 4.210923e+01 6.894537e+00 6.039831e+01 4.210923e+01 6.894537e+00 -1.346454e-05 -2.384718e-05 -1.931633e-07 6.253235e+00
6.450638e+01 4.154028e+01 6.910707e+00 6.450638e+01 4.154028e+01 6.910707e+00 -1.450624e-05 -3.364692e-05 -2.018255e-07 5.171259e+00
6.248249e+01 4.199283e+01 6.894084e+00 6.248249e+01 4.199283e+01 6.894084e+00 -1.350221e-05 -2.893256e-05 -3.233287e-07 6.274764e+00
5.806589e+01 4.484373e+01 5.897862e+00 5.806589e+01 4.484373e+01 5.897862e+00 -5.689804e-06 -1.750649e-05 1.376511e-06 1.616689e+00
6.168688e+01 4.593066e+01 4.728001e+00 6.168688e+01 4.593066e+01 4.728001e+00 -3.510282e-07 -2.092746e-05 7.622454e-06 1.176229e+00
6.041512e+01 4.524466e+01 5.989868e+00 6.041512e+01 4.524466e+01 5.989868e+00 -3.763370e-06 -2.265520e-05 3.528812e-06 1.344033e+00
6.512960e+01 4.445760e+01 5.931134e+00 6.512960e+01 4.445760e+01 5.931134e+00 -4.102891e-06 -3.465684e-05 5.340309e-06 1.802758e+00
6.285538e+01 4.510784e+01 5.999984e+00 6.285538e+01 4.510784e+01 5.999984e+00 -2.660535e-06 -2.886361e-05 4.366572e-06 1.344504e+00
6.317116e+01 3.132750e+01 2.570581e+00 6.317116e+01 3.132750e+01 2.570581e+00 -2.647620e-05 -9.273642e-06 -3.882975e-06 6.902887e-01
6.369104e+01 4.348319e+01 6.728367e+00 6.369104e+01 4.348319e+01 6.728367e+00 -8.156616e-06 -3.274972e-05 1.375607e-06 3.255041e+00
5.373071e+01 3.616256e+01 6.257292e+00 5.373071e+01 3.616256e+01 6.257292e+00 -2.458995e-05 -1.099030e-05 -2.163677e-06 2.346419e+00
5.492728e+01 3.483384e+01 6.628265e+00 5.492728e+01 3.483384e+01 6.628265e+00 -2.804792e-05 -1.309879e-05 1.915154e-07 2.747155e+00
5.520981e+01 3.583808e+01 6.806499e+00 5.520981e+01 3.583808e+01 6.806499e+00 -2.630470e-05 -1.422880e-05 6.211595e-07 3.365069e+00
5.406374e+01 3.488183e+01 6.240317e+00 5.406374e+01 3.488183e+01 6.240317e+00 -2.705730e-05 -1.113894e-05 -6.938668e-07 1.974446e+00
5.446682e+01 3.660564e+01 6.646472e+00 5.446682e+01 3.660564e+01 6.646472e+00 -2.486697e-05 -1.206992e-05 -7.650529e-07 2.762508e+00
6.849802e+01 3.542734e+01 6.346285e+00 6.849802e+01 3.542734e+01 6.346285e+00 -2.732212e-05 -3.740505e-05 3.824702e-06 2.393160e+00
6.715617e+01 3.425785e+01 6.692822e+00 6.715617e+01 3.425785e+01 6.692822e+00 -3.080391e-05 -3.282926e-05 1.816242e-06 2.876646e+00
6.697866e+01 3.529049e+01 6.838798e+00 6.697866e+01 3.529049e+01 6.838798e+00 -2.894181e-05 -3.367776e-05 9.981772e-07 3.554211e+00
6.803113e+01 3.419098e+01 6.341814e+00 6.803113e+01 3.419098e+01 6.341814e+00 -3.053256e-05 -3.550888e-05 3.227671e-06 2.040102e+00
6.779596e+01 3.595308e+01 6.696734e+00 6.779596e+01 3.595308e+01 6.696734e+00 -2.708154e-05 -3.577216e-05 2.213455e-06 2.974999e+00
5.554506e+01 3.973781e+01 2.483493e+00 5.554506e+01 3.973781e+01 2.483493e+00 -8.772544e-06 -9.877326e-06 -1.450352e-06 1.008317e+00
5.536574e+01 4.078020e+01 2.648986e+00 5.536574e+01 4.078020e+01 2.648986e+00 -8.192123e-06 -1.073325e-05 -1.679702e-06 1.346268e+00
5.473448e+01 3.907677e+01 2.628642e+00 5.473448e+01 3.907677e+01 2.628642e+00 -9.760725e-06 -1.006958e-05 -2.660477e-06 1.134895e+00
5.449618e+01 4.083599e+01 3.011393e+00 5.449618e+01 4.083599e+01 3.011393e+00 -8.523915e-06 -1.037803e-05 -2.774642e-06 1.045640e+00
6.730131e+01 3.915982e+01 2.538242e+00 6.730131e+01 3.915982e+01 2.538242e+00 -4.578656e-06 -2.978052e-05 2.151777e-06 9.350590e-01
6.757178e+01 4.016025e+01 2.712000e+00 6.757178e+01 4.016025e+01 2.712000e+00 -1.524280e-06 -3.322447e-05 4.335503e-06 1.040069e+00
6.805492e+01 3.839759e+01 2.709725e+00 6.805492e+01 3.839759e+01 2.709725e+00 -6.022525e-06 -3.520537e-05 3.418811e-06 1.044047e+00
6.842803e+01 4.012985e+01 3.102867e+00 6.842803e+01 4.012985e+01 3.102867e+00 -2.834196e-06 -3.692002e-05 6.624708e-06 1.003393e+00
6.092369e+01 3.125791e+01 6.799412e+00 6.092369e+01 3.125791e+01 6.799412e+00 -2.919340e-05 -2.292223e-05 4.804012e-07 2.801734e+00
6.020204e+01 2.995131e+01 6.221292e+00 6.020204e+01 2.995131e+01 6.221292e+00 -2.624812e-05 -2.118674e-05 -1.690315e-06 2.227322e+00
6.153076e+01 2.989784e+01 6.227086e+00 6.153076e+01 2.989784e+01 6.227086e+00 -2.758588e-05 -2.274889e-05 -1.968843e-06 2.401914e+00
6.137452e+01 3.846533e+01 2.559557e+00 6.137452e+01 3.846533e+01 2.559557e+00 -7.249545e-06 -7.488675e-06 4.669737e-07 3.854025e+00
6.079143e+01 3.693688e+01 2.570993e+00 6.079143e+01 3.693688e+01 2.570993e+00 -1.006220e-05 -5.905976e-06 1.013374e-06 3.332523e+00
6.180282e+01 3.688569e+01 2.569240e+00 6.180282e+01 3.688569e+01 2.569240e+00 -1.040667e-05 -8.108497e-06 1.118567e-06 3.492689e+00
6.071428e+01 3.813705e+01 6.800095e+00 6.071428e+01 3.813705e+01 6.800095e+00 -2.314670e-05 -2.397289e-05 -1.291051e-07 1.600609e+01
6.172271e+01 3.808509e+01 6.799117e+00 6.172271e+01 3.808509e+01 6.799117e+00 -2.320109e-05 -2.601431e-05 -2.384955e-07 1.604982e+01
6.098478e+01 4.513199e+01 3.033615e+00 6.098478e+01 4.513199e+01 3.033615e+00 -8.269620e-07 -1.121227e-05 6.058304e-06 1.319151e+00
6.230896e+01 4.506245e+01 3.033272e+00 6.230896e+01 4.506245e+01 3.033272e+00 1.594267e-07 -1.364591e-05 6.537370e-06 1.373967e+00
5.782153e+01 3.181691e+01 2.618687e+00 5.782153e+01 3.181691e+01 2.618687e+00 -2.218886e-05 -4.018164e-06 1.392962e-06 8.731722e-01
5.837214e+01 4.357215e+01 6.679866e+00 5.837214e+01 4.357215e+01 6.679866e+00 -8.991997e-06 -1.870606e-05 1.065615e-07 3.037950e+00
5.299958e+01 3.859505e+01 4.015187e+00 5.299958e+01 3.859505e+01 4.015187e+00 -1.261694e-05 -1.011880e-05 -5.699598e-06 1.031090e+00
5.302744e+01 3.860701e+01 5.314601e+00 5.302744e+01 3.860701e+01 5.314601e+00 -1.581017e-05 -9.382895e-06 -6.535009e-06 1.344945e+00
5.301411e+01 3.929415e+01 4.672747e+00 5.301411e+01 3.929415e+01 4.672747e+00 -1.334653e-05 -1.011865e-05 -6.747244e-06 1.254701e+00
5.283653e+01 3.668876e+01 4.620394e+00 5.283653e+01 3.668876e+01 4.620394e+00 -1.672812e-05 -9.981275e-06 -7.123214e-06 7.856563e-01
5.299554e+01 3.731652e+01 3.937682e+00 5.299554e+01 3.731652e+01 3.937682e+00 -1.361766e-05 -1.045775e-05 -7.088444e-06 7.537974e-01
5.811486e+01 3.178793e+01 6.668044e+00 5.811486e+01 3.178793e+01 6.668044e+00 -3.043696e-05 -1.938383e-05 -2.041821e-06 2.224632e+00
5.626558e+01 3.224408e+01 6.346112e+00 5.626558e+01 3.224408e+01 6.346112e+00 -3.113375e-05 -1.440580e-05 -4.072906e-06 1.621225e+00
5.720459e+01 3.149245e+01 6.343949e+00 5.720459e+01 3.149245e+01 6.343949e+00 -3.019487e-05 -1.565917e-05 -4.404399e-06 1.535844e+00
5.729439e+01 3.345105e+01 6.833395e+00 5.729439e+01 3.345105e+01 6.833395e+00 -3.093305e-05 -1.826617e-05 -2.976312e-07 3.599567e+00
5.814820e+01 3.277199e+01 6.834259e+00 5.814820e+01 3.277199e+01 6.834259e+00 -3.141022e-05 -1.989541e-05 -4.815031e-07 3.528077e+00
5.864944e+01 3.673357e+01 6.844020e+00 5.864944e+01 3.673357e+01 6.844020e+00 -2.537527e-05 -2.054532e-05 2.407195e-07 1.094163e+01
5.849489e+01 3.574584e+01 6.862413e+00 5.849489e+01 3.574584e+01 6.862413e+00 -2.723145e-05 -2.032039e-05 3.650215e-07 9.207206e+00
5.712840e+01 3.730088e+01 6.892454e+00 5.712840e+01 3.730088e+01 6.892454e+00 -2.401119e-05 -1.789174e-05 4.200973e-07 7.234970e+00
5.802673e+01 3.751423e+01 6.861013e+00 5.802673e+01 3.751423e+01 6.861013e+00 -2.380017e-05 -1.944909e-05 2.656788e-07 9.587009e+00
5.463244e+01 3.247278e+01 3.934995e+00 5.463244e+01 3.247278e+01 3.934995e+00 -2.666818e-05 -2.909755e-06 -4.524482e-06 5.690857e-01
5.398118e+01 3.357658e+01 3.909151e+00 5.398118e+01 3.357658e+01 3.909151e+00 -2.269672e-05 -5.653722e-06 -6.696957e-06 4.376409e-01
5.498706e+01 3.184340e+01 4.569596e+00 5.498706e+01 3.184340e+01 4.569596e+00 -2.769627e-05 -5.363470e-06 -6.304406e-06 9.166157e-01
5.574020e+01 4.077422e+01 6.722925e+00 5.574020e+01 4.077422e+01 6.722925e+00 -1.594500e-05 -1.438395e-05 -1.310308e-06 2.719614e+00
5.626001e+01 3.993213e+01 6.858156e+00 5.626001e+01 3.993213e+01 6.858156e+00 -1.830478e-05 -1.571474e-05 -5.259529e-07 4.207964e+00
5.480106e+01 4.058953e+01 6.433863e+00 5.480106e+01 4.058953e+01 6.433863e+00 -1.572191e-05 -1.296304e-05 -2.487450e-06 1.724533e+00
6.964421e+01 3.769801e+01 4.112813e+00 6.964421e+01 3.769801e+01 4.112813e+00 -1.283646e-05 -4.126821e-05 7.337905e-06 1.074091e+00
6.954342e+01 3.576485e+01 4.724013e+00 6.954342e+01 3.576485e+01 4.724013e+00 -2.059462e-05 -4.098765e-05 6.138463e-06 7.918418e-01
6.952076e+01 3.643050e+01 4.063309e+00 6.952076e+01 3.643050e+01 4.063309e+00 -1.626511e-05 -4.087530e-05 6.110349e-06 7.493860e-01
6.953402e+01 3.773646e+01 5.423850e+00 6.953402e+01 3.773646e+01 5.423850e+00 -1.787562e-05 -4.181995e-05 7.004540e-06 1.419647e+00
6.966761e+01 3.839475e+01 4.771515e+00 6.966761e+01 3.839475e+01 4.771515e+00 -1.358976e-05 -4.201956e-05 8.020578e-06 1.302301e+00
6.377557e+01 3.155908e+01 6.694010e+00 6.377557e+01 3.155908e+01 6.694010e+00 -3.183092e-05 -2.657537e-05 -5.581621e-07 2.277540e+00
6.469761e+01 3.314258e+01 6.854617e+00 6.469761e+01 3.314258e+01 6.854617e+00 -3.220955e-05 -2.867635e-05 2.049825e-07 3.651192e+00
6.379593e+01 3.253594e+01 6.849970e+00 6.379593e+01 3.253594e+01 6.849970e+00 -3.243306e-05 -2.723761e-05 1.698766e-07 3.567880e+00
6.566260e+01 3.185913e+01 6.419473e+00 6.566260e+01 3.185913e+01 6.419473e+00 -3.303118e-05 -2.836762e-05 -4.210262e-07 1.678010e+00
6.468212e+01 3.119736e+01 6.393661e+00 6.468212e+01 3.119736e+01 6.393661e+00 -3.239159e-05 -2.645243e-05 -1.473464e-06 1.604657e+00
6.363749e+01 3.650227e+01 6.839141e+00 6.363749e+01 3.650227e+01 6.839141e+00 -2.664459e-05 -2.910821e-05 -2.641695e-07 1.097625e+01
6.521326e+01 3.691692e+01 6.887548e+00 6.521326e+01 3.691692e+01 6.887548e+00 -2.575059e-05 -3.247711e-05 -3.164851e-07 7.342109e+00
6.433948e+01 3.721327e+01 6.855752e+00 6.433948e+01 3.721327e+01 6.855752e+00 -2.509912e-05 -3.089211e-05 -3.482716e-07 9.620652e+00
6.369227e+01 3.551106e+01 6.857923e+00 6.369227e+01 3.551106e+01 6.857923e+00 -2.871126e-05 -2.874612e-05 -1.465241e-07 9.234541e+00
6.741275e+01 3.184541e+01 4.008436e+00 6.741275e+01 3.184541e+01 4.008436e+00 -2.882923e-05 -2.934749e-05 -1.942490e-06 5.582726e-01
6.697978e+01 3.128757e+01 4.648929e+00 6.697978e+01 3.128757e+01 4.648929e+00 -3.122348e-05 -2.683446e-05 -1.443748e-06 9.130407e-01
6.815477e+01 3.284045e+01 4.001228e+00 6.815477e+01 3.284045e+01 4.001228e+00 -2.691111e-05 -3.440631e-05 7.738093e-07 3.975439e-01
6.699785e+01 4.017900e+01 6.739042e+00 6.699785e+01 4.017900e+01 6.739042e+00 -1.705334e-05 -3.895143e-05 1.898387e-06 2.830838e+00
6.792695e+01 3.989784e+01 6.468329e+00 6.792695e+01 3.989784e+01 6.468329e+00 -1.675516e-05 -4.039323e-05 3.801461e-06 1.866620e+00
6.637622e+01 3.940806e+01 6.862840e+00 6.637622e+01 3.940806e+01 6.862840e+00 -1.965709e-05 -3.686918e-05 5.166320e-07 4.324289e+00
5.887802e+01 3.851850e+01 2.513793e+00 5.887802e+01 3.851850e+01 2.513793e+00 -7.824032e-06 -5.389527e-06 1.778890e-07 2.355328e+00
5.797120e+01 3.988716e+01 2.453626e+00 5.797120e+01 3.988716e+01 2.453626e+00 -6.618554e-06 -6.122393e-06 1.481890e-07 1.759482e+00
5.881798e+01 3.951521e+01 2.488307e+00 5.881798e+01 3.951521e+01 2.488307e+00 -6.578410e-06 -6.060927e-06 -1.917341e-07 2.148797e+00
5.731892e+01 3.813940e+01 2.438962e+00 5.731892e+01 3.813940e+01 2.438962e+00 -8.379759e-06 -4.493948e-06 3.908562e-07 1.455832e+00
5.818036e+01 3.781091e+01 2.489658e+00 5.818036e+01 3.781091e+01 2.489658e+00 -8.936420e-06 -4.938023e-06 4.569198e-07 2.006084e+00
5.873125e+01 4.348866e+01 2.611529e+00 5.873125e+01 4.348866e+01 2.611529e+00 -3.012284e-06 -8.594562e-06 1.044500e-06 1.073881e+00
5.686106e+01 4.320554e+01 2.927101e+00 5.686106e+01 4.320554e+01 2.927101e+00 -5.243904e-06 -9.993949e-06 3.820080e-07 9.532277e-01
5.785121e+01 4.386471e+01 2.925300e+00 5.785121e+01 4.386471e+01 2.925300e+00 -3.832650e-06 -9.721050e-06 1.576848e-06 9.658722e-01
5.868279e+01 4.250608e+01 2.465243e+00 5.868279e+01 4.250608e+01 2.465243e+00 -3.604121e-06 -7.982242e-06 -8.991422e-08 1.102625e+00
5.549584e+01 3.486411e+01 2.606609e+00 5.549584e+01 3.486411e+01 2.606609e+00 -1.190081e-05 -5.365999e-06 -2.474347e-06 5.421042e-01
5.613063e+01 3.563086e+01 2.476498e+00 5.613063e+01 3.563086e+01 2.476498e+00 -1.257642e-05 -4.021526e-06 -7.533371e-07 8.056273e-01
5.516316e+01 4.319960e+01 5.328900e+00 5.516316e+01 4.319960e+01 5.328900e+00 -8.599197e-06 -1.229764e-05 -1.477799e-06 1.303593e+00
5.559146e+01 4.376550e+01 4.680364e+00 5.559146e+01 4.376550e+01 4.680364e+00 -7.005759e-06 -1.227468e-05 -7.336827e-07 1.068196e+00
6.386707e+01 3.826780e+01 2.497594e+00 6.386707e+01 3.826780e+01 2.497594e+00 -7.490892e-06 -1.286851e-05 -5.855075e-07 2.540152e+00
6.541104e+01 3.765956e+01 2.434689e+00 6.541104e+01 3.765956e+01 2.434689e+00 -8.201980e-06 -2.121155e-05 -2.686889e-06 1.512486e+00
6.450127e+01 3.747929e+01 2.469539e+00 6.450127e+01 3.747929e+01 2.469539e+00 -9.187394e-06 -1.501977e-05 -1.470273e-06 2.062579e+00
6.491634e+01 3.945796e+01 2.442934e+00 6.491634e+01 3.945796e+01 2.442934e+00 -4.381515e-06 -1.874089e-05 -2.130030e-06 1.604543e+00
6.402116e+01 3.924509e+01 2.473036e+00 6.402116e+01 3.924509e+01 2.473036e+00 -5.623829e-06 -1.310786e-05 -9.999640e-07 2.025845e+00
6.439690e+01 4.319051e+01 2.608397e+00 6.439690e+01 4.319051e+01 2.608397e+00 7.426197e-07 -1.831092e-05 2.927102e-06 1.063555e+00
6.438292e+01 4.220248e+01 2.460551e+00 6.438292e+01 4.220248e+01 2.460551e+00 7.328615e-07 -1.753540e-05 8.816720e-07 1.071604e+00
6.625004e+01 4.272953e+01 2.957840e+00 6.625004e+01 4.272953e+01 2.957840e+00 1.884186e-06 -2.950313e-05 4.660158e-06 9.223064e-01
6.531013e+01 4.347550e+01 2.934421e+00 6.531013e+01 4.347550e+01 2.934421e+00 1.847873e-06 -2.497774e-05 4.444888e-06 8.938336e-01
6.684276e+01 3.423110e+01 2.618049e+00 6.684276e+01 3.423110e+01 2.618049e+00 -1.870947e-05 -2.663192e-05 -2.929021e-06 6.187789e-01
6.630333e+01 3.507273e+01 2.472733e+00 6.630333e+01 3.507273e+01 2.472733e+00 -1.577807e-05 -2.475051e-05 -3.212405e-06 8.297533e-01
6.785770e+01 4.254588e+01 5.389372e+00 6.785770e+01 4.254588e+01 5.389372e+00 -6.867261e-06 -3.936596e-05 7.326801e-06 1.448413e+00
6.750476e+01 4.315944e+01 4.740299e+00 6.750476e+01 4.315944e+01 4.740299e+00 -3.585806e-06 -3.682919e-05 8.106946e-06 1.128256e+00
6.105566e+01 3.480156e+01 6.845001e+00 6.105566e+01 3.480156e+01 6.845001e+00 -2.967376e-05 -2.394835e-05 1.780836e-07 1.047563e+01
5.772705e+01 2.995880e+01 3.918819e+00 5.772705e+01 2.995880e+01 3.918819e+00 -1.951306e-05 -6.029190e-06 -3.960738e-06 8.117737e-01
5.953116e+01 2.924541e+01 4.521382e+00 5.953116e+01 2.924541e+01 4.521382e+00 -2.528017e-05 -1.200603e-05 -6.018328e-06 7.784550e-01
5.896196e+01 2.957927e+01 3.856457e+00 5.896196e+01 2.957927e+01 3.856457e+00 -2.358515e-05 -7.161328e-06 -4.702884e-06 5.799055e-01
6.407902e+01 2.970728e+01 3.995311e+00 6.407902e+01 2.970728e+01 3.995311e+00 -3.294724e-05 -1.715731e-05 -8.052150e-06 7.924886e-01
6.280286e+01 2.942614e+01 3.904256e+00 6.280286e+01 2.942614e+01 3.904256e+00 -3.033746e-05 -1.405974e-05 -7.328427e-06 6.048894e-01
6.152052e+01 4.199799e+01 2.362923e+00 6.152052e+01 4.199799e+01 2.362923e+00 -1.928596e-07 -8.725741e-06 -2.917657e-07 1.564029e+00
5.856465e+01 3.416732e+01 2.434941e+00 5.856465e+01 3.416732e+01 2.434941e+00 -1.098807e-05 -3.989926e-06 2.296725e-06 1.578430e+00
6.013813e+01 3.468764e+01 2.481088e+00 6.013813e+01 3.468764e+01 2.481088e+00 -1.610604e-05 -3.787867e-06 2.128744e-06 2.406347e+00
5.958142e+01 3.394596e+01 2.438198e+00 5.958142e+01 3.394596e+01 2.438198e+00 -1.717277e-05 -3.005802e-06 2.432340e-06 1.811329e+00
6.372892e+01 3.390579e+01 2.399752e+00 6.372892e+01 3.390579e+01 2.399752e+00 -1.702070e-05 -1.094410e-05 -2.454089e-07 1.646064e+00
6.270299e+01 3.380573e+01 2.420160e+00 6.270299e+01 3.380573e+01 2.420160e+00 -1.868361e-05 -9.034714e-06 1.290980e-06 1.871512e+00
5.881118e+01 4.112265e+01 6.903840e+00 5.881118e+01 4.112265e+01 6.903840e+00 -1.618657e-05 -2.038310e-05 -1.020633e-07 7.004645e+00
6.031168e+01 4.045217e+01 6.856771e+00 6.031168e+01 4.045217e+01 6.856771e+00 -1.786410e-05 -2.347740e-05 -1.468482e-07 1.034805e+01
5.983750e+01 4.124292e+01 6.888415e+00 5.983750e+01 4.124292e+01 6.888415e+00 -1.588263e-05 -2.251633e-05 -1.526270e-07 7.957091e+00
6.394914e+01 4.084554e+01 6.901770e+00 6.394914e+01 4.084554e+01 6.901770e+00 -1.653407e-05 -3.183098e-05 -4.478810e-07 7.063705e+00
6.293929e+01 4.107333e+01 6.886862e+00 6.293929e+01 4.107333e+01 6.886862e+00 -1.608094e-05 -2.963324e-05 -4.175764e-07 7.935423e+00
5.851901e+01 4.537254e+01 5.341351e+00 5.851901e+01 4.537254e+01 5.341351e+00 -3.899955e-06 -1.710607e-05 3.147141e-06 1.302083e+00
6.036304e+01 4.590577e+01 4.722202e+00 6.036304e+01 4.590577e+01 4.722202e+00 -1.353826e-06 -1.830357e-05 6.475831e-06 1.168605e+00
5.975367e+01 4.563728e+01 5.382878e+00 5.975367e+01 4.563728e+01 5.382878e+00 -2.641935e-06 -1.933041e-05 4.649412e-06 1.218763e+00
6.475186e+01 4.503705e+01 5.369088e+00 6.475186e+01 4.503705e+01 5.369088e+00 -1.183363e-06 -3.184420e-05 6.520468e-06 1.318325e+00
6.356349e+01 4.542953e+01 5.397358e+00 6.356349e+01 4.542953e+01 5.397358e+00 -5.109634e-07 -2.843048e-05 6.397344e-06 1.220625e+00
6.210481e+01 3.123747e+01 2.562661e+00 6.210481e+01 3.123747e+01 2.562661e+00 -2.658112e-05 -5.331028e-06 -3.096694e-06 4.956959e-01
6.263829e+01 4.367937e+01 6.731129e+00 6.263829e+01 4.367937e+01 6.731129e+00 -7.833677e-06 -2.976233e-05 1.088131e-06 3.012341e+00
5.288817e+01 3.737170e+01 5.292698e+00 5.288817e+01 3.737170e+01 5.292698e+00 -1.787050e-05 -1.010062e-05 -6.233179e-06 1.380993e+00
5.380271e+01 3.724121e+01 6.350049e+00 5.380271e+01 3.724121e+01 6.350049e+00 -2.244834e-05 -1.056941e-05 -2.775622e-06 1.911792e+00
5.331864e+01 3.794151e+01 5.918207e+00 5.331864e+01 3.794151e+01 5.918207e+00 -1.959212e-05 -1.012534e-05 -5.341343e-06 1.514548e+00
5.340787e+01 3.540319e+01 5.817104e+00 5.340787e+01 3.540319e+01 5.817104e+00 -2.435861e-05 -1.035507e-05 -2.887363e-06 1.509914e+00
5.297340e+01 3.599286e+01 5.238358e+00 5.297340e+01 3.599286e+01 5.238358e+00 -2.044162e-05 -9.365634e-06 -4.417775e-06 9.723616e-01
5.634091e+01 3.320179e+01 6.667500e+00 5.634091e+01 3.320179e+01 6.667500e+00 -3.112561e-05 -1.588972e-05 -1.460571e-06 2.366714e+00
5.466549e+01 3.396093e+01 6.312375e+00 5.466549e+01 3.396093e+01 6.312375e+00 -2.957536e-05 -1.194301e-05 -1.192648e-06 1.841087e+00
5.540917e+01 3.307184e+01 6.339686e+00 5.540917e+01 3.307184e+01 6.339686e+00 -3.109014e-05 -1.321247e-05 -2.677603e-06 1.847301e+00
5.581649e+01 3.499801e+01 6.838887e+00 5.581649e+01 3.499801e+01 6.838887e+00 -2.803504e-05 -1.565305e-05 6.820295e-07 3.449478e+00
5.651036e+01 3.419873e+01 6.839210e+00 5.651036e+01 3.419873e+01 6.839210e+00 -2.972902e-05 -1.696296e-05 1.786368e-07 3.577875e+00
5.692518e+01 3.627512e+01 6.906433e+00 5.692518e+01 3.627512e+01 6.906433e+00 -2.576937e-05 -1.761927e-05 6.407879e-07 6.313330e+00
5.671471e+01 3.522687e+01 6.901087e+00 5.671471e+01 3.522687e+01 6.901087e+00 -2.772586e-05 -1.749483e-05 7.141444e-07 5.011451e+00
5.533187e+01 3.685920e+01 6.851655e+00 5.533187e+01 3.685920e+01 6.851655e+00 -2.464925e-05 -1.455986e-05 2.841044e-07 3.685631e+00
5.622843e+01 3.708340e+01 6.906402e+00 5.622843e+01 3.708340e+01 6.906402e+00 -2.427980e-05 -1.635169e-05 5.196277e-07 5.252544e+00
5.390150e+01 3.345971e+01 5.211815e+00 5.390150e+01 3.345971e+01 5.211815e+00 -2.873219e-05 -7.499955e-06 -3.955829e-06 9.560943e-01
5.332727e+01 3.468579e+01 5.230492e+00 5.332727e+01 3.468579e+01 5.230492e+00 -2.465441e-05 -8.804663e-06 -4.630475e-06 8.374093e-01
5.456168e+01 3.313819e+01 5.840336e+00 5.456168e+01 3.313819e+01 5.840336e+00 -3.046878e-05 -1.020621e-05 -3.454408e-06 1.478094e+00
5.491224e+01 3.868910e+01 6.716213e+00 5.491224e+01 3.868910e+01 6.716213e+00 -2.050984e-05 -1.359799e-05 -1.399225e-06 2.649824e+00
5.554449e+01 3.789000e+01 6.859355e+00 5.554449e+01 3.789000e+01 6.859355e+00 -2.250266e-05 -1.488748e-05 -9.731434e-08 3.914288e+00
5.403443e+01 3.837196e+01 6.409550e+00 5.403443e+01 3.837196e+01 6.409550e+00 -2.033738e-05 -1.181569e-05 -3.138938e-06 1.781104e+00
6.953918e+01 3.646715e+01 5.377951e+00 6.953918e+01 3.646715e+01 5.377951e+00 -2.108392e-05 -4.121234e-05 6.405786e-06 1.461556e+00
6.875606e+01 3.462568e+01 5.939491e+00 6.875606e+01 3.462568e+01 5.939491e+00 -2.826566e-05 -3.813835e-05 4.436506e-06 1.699325e+00
6.928158e+01 3.515300e+01 5.378473e+00 6.928158e+01 3.515300e+01 5.378473e+00 -2.481170e-05 -4.001790e-05 5.548289e-06 1.038096e+00
6.853471e+01 3.650369e+01 6.423999e+00 6.853471e+01 3.650369e+01 6.423999e+00 -2.489177e-05 -3.836778e-05 3.791106e-06 2.047143e+00
6.913921e+01 3.709586e+01 5.992268e+00 6.913921e+01 3.709586e+01 5.992268e+00 -2.213982e-05 -4.072510e-05 5.397604e-06 1.644620e+00
6.563075e+01 3.281026e+01 6.719817e+00 6.563075e+01 3.281026e+01 6.719817e+00 -3.261028e-05 -2.942900e-05 4.107587e-07 2.434617e+00
6.628928e+01 3.453114e+01 6.867339e+00 6.628928e+01 3.453114e+01 6.867339e+00 -3.052576e-05 -3.174573e-05 6.072211e-07 3.515509e+00
6.552984e+01 3.381088e+01 6.864623e+00 6.552984e+01 3.381088e+01 6.864623e+00 -3.167835e-05 -3.022321e-05 3.544283e-07 3.625303e+00
6.735292e+01 3.336083e+01 6.409443e+00 6.735292e+01 3.336083e+01 6.409443e+00 -3.188741e-05 -3.258669e-05 2.281711e-06 1.873412e+00
6.656087e+01 3.258606e+01 6.430233e+00 6.656087e+01 3.258606e+01 6.430233e+00 -3.243860e-05 -2.943134e-05 1.262856e-06 1.825119e+00
6.531094e+01 3.588869e+01 6.903330e+00 6.531094e+01 3.588869e+01 6.903330e+00 -2.796615e-05 -3.197092e-05 -2.204013e-07 6.386439e+00
6.695964e+01 3.630773e+01 6.869182e+00 6.695964e+01 3.630773e+01 6.869182e+00 -2.686476e-05 -3.473547e-05 6.945718e-07 3.824522e+00
6.608871e+01 3.661861e+01 6.906889e+00 6.608871e+01 3.661861e+01 6.906889e+00 -2.638920e-05 -3.389535e-05 -7.166564e-08 5.370603e+00
6.541743e+01 3.484302e+01 6.906866e+00 6.541743e+01 3.484302e+01 6.906866e+00 -3.007180e-05 -3.114640e-05 2.277746e-08 5.066487e+00
6.814054e+01 3.274667e+01 5.340136e+00 6.814054e+01 3.274667e+01 5.340136e+00 -3.088582e-05 -3.494973e-05 2.429983e-06 9.311402e-01
6.742569e+01 3.252923e+01 5.955586e+00 6.742569e+01 3.252923e+01 5.955586e+00 -3.233594e-05 -3.187056e-05 1.837840e-06 1.436124e+00
6.880878e+01 3.389392e+01 5.365983e+00 6.880878e+01 3.389392e+01 5.365983e+00 -2.826005e-05 -3.810869e-05 4.262647e-06 8.580442e-01
6.759159e+01 3.804323e+01 6.738936e+00 6.759159e+01 3.804323e+01 6.738936e+00 -2.247806e-05 -3.794539e-05 2.015839e-06 2.911821e+00
6.844766e+01 3.761967e+01 6.457826e+00 6.844766e+01 3.761967e+01 6.457826e+00 -2.227470e-05 -3.928585e-05 3.807083e-06 1.909693e+00
6.685726e+01 3.733935e+01 6.869126e+00 6.685726e+01 3.733935e+01 6.869126e+00 -2.469145e-05 -3.572513e-05 5.879675e-07 4.061587e+00
5.722926e+01 3.918931e+01 2.422299e+00 5.722926e+01 3.918931e+01 2.422299e+00 -7.020855e-06 -4.072472e-06 4.226799e-07 1.314205e+00
5.622810e+01 4.050158e+01 2.464301e+00 5.622810e+01 4.050158e+01 2.464301e+00 -7.725897e-06 -9.599520e-06 -6.656356e-07 9.873340e-01
5.710401e+01 4.021018e+01 2.424201e+00 5.710401e+01 4.021018e+01 2.424201e+00 -6.384104e-06 -5.337948e-06 1.196831e-07 1.227288e+00
5.556169e+01 3.871388e+01 2.442617e+00 5.556169e+01 3.871388e+01 2.442617e+00 -8.957505e-06 -8.408936e-06 -1.662790e-06 7.984707e-01
5.643766e+01 3.841709e+01 2.401109e+00 5.643766e+01 3.841709e+01 2.401109e+00 -8.285245e-06 -5.619511e-06 -4.209410e-07 9.928755e-01
5.687460e+01 4.224685e+01 2.625372e+00 5.687460e+01 4.224685e+01 2.625372e+00 -5.909668e-06 -9.105609e-06 -1.632616e-07 9.819642e-01
5.516663e+01 4.167350e+01 2.948754e+00 5.516663e+01 4.167350e+01 2.948754e+00 -7.695665e-06 -1.085384e-05 -1.851621e-06 8.808331e-01
5.595539e+01 4.246525e+01 2.929276e+00 5.595539e+01 4.246525e+01 2.929276e+00 -6.748173e-06 -1.073587e-05 -8.033344e-07 8.882656e-01
5.697438e+01 4.123737e+01 2.474622e+00 5.697438e+01 4.123737e+01 2.474622e+00 -6.380709e-06 -7.835070e-06 -2.557227e-07 1.048784e+00
5.491054e+01 3.699279e+01 2.596098e+00 5.491054e+01 3.699279e+01 2.596098e+00 -1.104922e-05 -7.528765e-06 -3.288727e-06 6.466627e-01
5.565187e+01 3.768822e+01 2.446294e+00 5.565187e+01 3.768822e+01 2.446294e+00 -9.656831e-06 -6.828203e-06 -1.922874e-06 8.000024e-01
5.399259e+01 3.853618e+01 2.918999e+00 5.399259e+01 3.853618e+01 2.918999e+00 -1.073804e-05 -9.816659e-06 -4.081427e-06 6.638028e-01
5.405982e+01 3.742511e+01 2.892903e+00 5.405982e+01 3.742511e+01 2.892903e+00 -1.146631e-05 -9.325460e-06 -4.719992e-06 5.528359e-01
5.439845e+01 4.226798e+01 4.034966e+00 5.439845e+01 4.226798e+01 4.034966e+00 -8.419733e-06 -1.070662e-05 -2.535608e-06 1.144277e+00
5.378356e+01 4.038303e+01 3.412435e+00 5.378356e+01 4.038303e+01 3.412435e+00 -9.423050e-06 -9.665224e-06 -3.945241e-06 9.706893e-01
5.373564e+01 4.113374e+01 4.018240e+00 5.373564e+01 4.113374e+01 4.018240e+00 -9.709532e-06 -1.010010e-05 -3.835704e-06 1.175627e+00
5.509972e+01 4.250008e+01 3.412696e+00 5.509972e+01 4.250008e+01 3.412696e+00 -7.404231e-06 -1.088171e-05 -1.702386e-06 9.903632e-01
6.560352e+01 3.866476e+01 2.424305e+00 6.560352e+01 3.866476e+01 2.424305e+00 -4.935301e-06 -2.473244e-05 -2.309626e-06 1.449797e+00
6.719915e+01 3.813053e+01 2.498064e+00 6.719915e+01 3.813053e+01 2.498064e+00 -4.852137e-06 -3.589418e-05 1.010038e-06 7.161761e-01
6.631687e+01 3.786189e+01 2.431858e+00 6.631687e+01 3.786189e+01 2.431858e+00 -5.106419e-06 -3.623162e-05 -1.780115e-06 9.590664e-01
6.668858e+01 3.998007e+01 2.501517e+00 6.668858e+01 3.998007e+01 2.501517e+00 -1.319151e-06 -3.161061e-05 1.495572e-06 8.290499e-01
6.580248e+01 3.971663e+01 2.439310e+00 6.580248e+01 3.971663e+01 2.439310e+00 7.213723e-07 -3.669679e-05 -1.179990e-06 1.081928e+00
6.618157e+01 4.177097e+01 2.655932e+00 6.618157e+01 4.177097e+01 2.655932e+00 2.133606e-06 -2.979412e-05 2.657992e-06 8.117912e-01
6.601035e+01 4.077146e+01 2.499600e+00 6.601035e+01 4.077146e+01 2.499600e+00 1.320370e-06 -3.108658e-05 6.890196e-07 8.750307e-01
6.783397e+01 4.103379e+01 3.023091e+00 6.783397e+01 4.103379e+01 3.023091e+00 -5.269578e-07 -3.453071e-05 6.537337e-06 8.461423e-01
6.710367e+01 4.190643e+01 2.983181e+00 6.710367e+01 4.190643e+01 2.983181e+00 9.488825e-07 -3.213866e-05 5.718423e-06 8.759276e-01
6.764552e+01 3.631644e+01 2.645118e+00 6.764552e+01 3.631644e+01 2.645118e+00 -1.060386e-05 -3.420285e-05 2.973932e-07 6.088572e-01
6.871788e+01 3.776752e+01 3.013811e+00 6.871788e+01 3.776752e+01 3.013811e+00 -8.799191e-06 -3.778047e-05 4.556559e-06 7.281072e-01
6.852226e+01 3.665306e+01 2.967763e+00 6.852226e+01 3.665306e+01 2.967763e+00 -1.133358e-05 -3.743920e-05 3.187522e-06 6.216769e-01
6.699971e+01 3.708849e+01 2.493253e+00 6.699971e+01 3.708849e+01 2.493253e+00 -8.237153e-06 -3.575172e-05 -7.907648e-07 7.424119e-01
6.859138e+01 4.155084e+01 4.126966e+00 6.859138e+01 4.155084e+01 4.126966e+00 -3.854659e-06 -3.854902e-05 8.767605e-06 1.191943e+00
6.794010e+01 4.185619e+01 3.488599e+00 6.794010e+01 4.185619e+01 3.488599e+00 -9.288425e-07 -3.529665e-05 7.786410e-06 1.065879e+00
6.908085e+01 3.961999e+01 3.533844e+00 6.908085e+01 3.961999e+01 3.533844e+00 -5.649389e-06 -3.906131e-05 7.869619e-06 1.554094e+00
6.915837e+01 4.033569e+01 4.120025e+00 6.915837e+01 4.033569e+01 4.120025e+00 -6.362440e-06 -4.014341e-05 8.963562e-06 1.242487e+00
6.098274e+01 3.302290e+01 6.908049e+00 6.098274e+01 3.302290e+01 6.908049e+00 -3.210863e-05 -2.335948e-05 5.934732e-07 5.796077e+00
6.189687e+01 3.159421e+01 6.843979e+00 6.189687e+01 3.159421e+01 6.843979e+00 -3.046987e-05 -2.430785e-05 4.929036e-07 3.068935e+00
6.192643e+01 3.251527e+01 6.905280e+00 6.192643e+01 3.251527e+01 6.905280e+00 -3.265752e-05 -2.462952e-05 6.058385e-07 4.641193e+00
5.997791e+01 3.167457e+01 6.838972e+00 5.997791e+01 3.167457e+01 6.838972e+00 -3.047718e-05 -2.238699e-05 1.878222e-07 3.054555e+00
6.000820e+01 3.259694e+01 6.902985e+00 6.000820e+01 3.259694e+01 6.902985e+00 -3.239924e-05 -2.233399e-05 5.091816e-07 4.628741e+00
5.886565e+01 2.947143e+01 5.179450e+00 5.886565e+01 2.947143e+01 5.179450e+00 -2.418234e-05 -1.415567e-05 -4.864649e-06 1.258726e+00
5.919237e+01 3.033409e+01 6.303504e+00 5.919237e+01 3.033409e+01 6.303504e+00 -2.683847e-05 -2.027561e-05 -2.757444e-06 1.750044e+00
5.842319e+01 3.004046e+01 5.824413e+00 5.842319e+01 3.004046e+01 5.824413e+00 -2.657504e-05 -1.620569e-05 -5.123785e-06 1.446922e+00
6.084955e+01 2.943461e+01 5.788365e+00 6.084955e+01 2.943461e+01 5.788365e+00 -2.737116e-05 -2.062605e-05 -3.714152e-06 1.590847e+00
6.017179e+01 2.919919e+01 5.196572e+00 6.017179e+01 2.919919e+01 5.196572e+00 -2.665187e-05 -1.708246e-05 -5.651200e-06 1.065748e+00
6.285682e+01 2.932933e+01 5.219138e+00 6.285682e+01 2.932933e+01 5.219138e+00 -3.114412e-05 -2.092160e-05 -7.068895e-06 1.590169e+00
6.152124e+01 2.915047e+01 5.209160e+00 6.152124e+01 2.915047e+01 5.209160e+00 -2.931808e-05 -1.910806e-05 -6.606246e-06 1.096834e+00
6.257279e+01 3.020029e+01 6.321586e+00 6.257279e+01 3.020029e+01 6.321586e+00 -2.871841e-05 -2.436317e-05 -2.457921e-06 1.821075e+00
6.333284e+01 2.985904e+01 5.863655e+00 6.333284e+01 2.985904e+01 5.863655e+00 -3.054534e-05 -2.413364e-05 -4.995863e-06 1.793558e+00
6.146219e+01 4.022293e+01 2.471297e+00 6.146219e+01 4.022293e+01 2.471297e+00 -3.510836e-06 -8.237688e-06 -2.640274e-07 2.536850e+00
6.053116e+01 3.883656e+01 2.542929e+00 6.053116e+01 3.883656e+01 2.542929e+00 -6.828170e-06 -6.674024e-06 1.428816e-07 3.100092e+00
6.054360e+01 3.975307e+01 2.500355e+00 6.054360e+01 3.975307e+01 2.500355e+00 -5.085505e-06 -7.081157e-06 -2.778881e-07 2.642934e+00
6.225119e+01 3.874682e+01 2.542703e+00 6.225119e+01 3.874682e+01 2.542703e+00 -6.511285e-06 -9.893681e-06 4.459909e-07 3.097758e+00
6.233061e+01 3.965895e+01 2.500504e+00 6.233061e+01 3.965895e+01 2.500504e+00 -4.409991e-06 -1.039477e-05 1.238751e-07 2.581695e+00
5.967589e+01 3.556752e+01 2.511366e+00 5.967589e+01 3.556752e+01 2.511366e+00 -1.267985e-05 -3.324986e-06 1.459705e-06 2.670988e+00
6.125674e+01 3.614822e+01 2.556473e+00 6.125674e+01 3.614822e+01 2.556473e+00 -1.214671e-05 -6.763813e-06 1.472138e-06 3.500540e+00
6.069236e+01 3.542376e+01 2.524753e+00 6.069236e+01 3.542376e+01 2.524753e+00 -1.378912e-05 -5.459447e-06 1.731548e-06 2.884057e+00
5.992476e+01 3.723468e+01 2.557358e+00 5.992476e+01 3.723468e+01 2.557358e+00 -9.565895e-06 -5.126934e-06 7.432757e-07 4.073030e+00
5.930272e+01 3.650912e+01 2.527671e+00 5.930272e+01 3.650912e+01 2.527671e+00 -1.076710e-05 -3.904474e-06 8.880361e-07 2.761510e+00
6.277139e+01 3.541336e+01 2.501022e+00 6.277139e+01 3.541336e+01 2.501022e+00 -1.479141e-05 -1.047216e-05 1.455621e-06 2.689949e+00
6.269748e+01 3.709551e+01 2.551078e+00 6.269748e+01 3.709551e+01 2.551078e+00 -9.932553e-06 -1.042848e-05 8.725333e-07 3.489282e+00
6.324250e+01 3.631267e+01 2.515888e+00 6.324250e+01 3.631267e+01 2.515888e+00 -1.220229e-05 -1.165822e-05 8.892160e-07 2.681708e+00
6.174236e+01 3.537308e+01 2.522320e+00 6.174236e+01 3.537308e+01 2.522320e+00 -1.470140e-05 -7.953228e-06 1.794150e-06 2.962417e+00
5.976388e+01 3.961775e+01 6.839810e+00 5.976388e+01 3.961775e+01 6.839810e+00 -1.983370e-05 -2.226985e-05 -5.061227e-08 1.181409e+01
6.125975e+01 3.887753e+01 6.808272e+00 6.125975e+01 3.887753e+01 6.808272e+00 -2.150999e-05 -2.524992e-05 -2.062961e-07 1.485858e+01
6.078586e+01 3.966378e+01 6.828270e+00 6.078586e+01 3.966378e+01 6.828270e+00 -1.973573e-05 -2.438804e-05 -1.667055e-07 1.282541e+01
5.981712e+01 3.793884e+01 6.810620e+00 5.981712e+01 3.793884e+01 6.810620e+00 -2.335831e-05 -2.244276e-05 -5.837825e-09 1.444675e+01
5.929853e+01 3.869736e+01 6.830197e+00 5.929853e+01 3.869736e+01 6.830197e+00 -2.171608e-05 -2.149521e-05 3.347577e-08 1.247338e+01
6.283037e+01 3.945656e+01 6.837603e+00 6.283037e+01 3.945656e+01 6.837603e+00 -2.005777e-05 -2.873652e-05 -3.568240e-07 1.183278e+01
6.259739e+01 3.780400e+01 6.808018e+00 6.259739e+01 3.780400e+01 6.808018e+00 -2.380052e-05 -2.762384e-05 -2.942381e-07 1.446932e+01
6.319588e+01 3.850265e+01 6.827110e+00 6.319588e+01 3.850265e+01 6.827110e+00 -2.222244e-05 -2.913538e-05 -3.525682e-07 1.249644e+01
6.181725e+01 3.960903e+01 6.827515e+00 6.181725e+01 3.960903e+01 6.827515e+00 -1.979625e-05 -2.659596e-05 -2.730262e-07 1.281592e+01
5.968776e+01 4.573341e+01 4.062490e+00 5.968776e+01 4.573341e+01 4.062490e+00 -1.701573e-06 -1.453924e-05 6.201323e-06 1.150131e+00
5.993957e+01 4.484106e+01 2.952924e+00 5.993957e+01 4.484106e+01 2.952924e+00 -1.433929e-06 -1.006982e-05 4.404202e-06 1.068364e+00
5.919607e+01 4.520306e+01 3.425129e+00 5.919607e+01 4.520306e+01 3.425129e+00 -2.123977e-06 -1.163020e-05 4.666349e-06 1.065877e+00
6.167234e+01 4.559052e+01 3.467505e+00 6.167234e+01 4.559052e+01 3.467505e+00 3.328049e-07 -1.456037e-05 7.421359e-06 1.192125e+00
6.101311e+01 4.588892e+01 4.053302e+00 6.101311e+01 4.588892e+01 4.053302e+00 -3.094106e-07 -1.652379e-05 7.650090e-06 1.196557e+00
6.365824e+01 4.552196e+01 4.066540e+00 6.365824e+01 4.552196e+01 4.066540e+00 1.300562e-06 -2.268049e-05 8.213638e-06 1.132554e+00
6.235634e+01 4.581787e+01 4.055483e+00 6.235634e+01 4.581787e+01 4.055483e+00 5.547465e-07 -1.908635e-05 8.458370e-06 1.187825e+00
6.331818e+01 4.466598e+01 2.953156e+00 6.331818e+01 4.466598e+01 2.953156e+00 3.668354e-08 -1.577375e-05 5.945401e-06 1.043386e+00
6.409481e+01 4.494448e+01 3.428183e+00 6.409481e+01 4.494448e+01 3.428183e+00 1.221020e-06 -2.107006e-05 7.030064e-06 1.035033e+00
5.988692e+01 3.134856e+01 2.561987e+00 5.988692e+01 3.134856e+01 2.561987e+00 -2.803520e-05 2.604035e-06 -1.438254e-06 4.911192e-01
5.844032e+01 3.248459e+01 2.458068e+00 5.844032e+01 3.248459e+01 2.458068e+00 -3.322487e-05 8.095100e-06 1.856517e-06 7.841679e-01
5.946858e+01 3.225843e+01 2.442633e+00 5.946858e+01 3.225843e+01 2.442633e+00 -3.217367e-05 5.966263e-06 1.327284e-06 8.206829e-01
5.811831e+01 3.093608e+01 2.871002e+00 5.811831e+01 3.093608e+01 2.871002e+00 -2.108797e-05 -3.266106e-06 -1.079512e-06 5.204930e-01
5.919830e+01 3.066283e+01 2.841308e+00 5.919830e+01 3.066283e+01 2.841308e+00 -2.414747e-05 -5.932921e-08 -3.081744e-06 4.197653e-01
6.044433e+01 4.380175e+01 6.727998e+00 6.044433e+01 4.380175e+01 6.727998e+00 -8.205288e-06 -2.389619e-05 7.336393e-07 2.974320e+00
5.888256e+01 4.282470e+01 6.862569e+00 5.888256e+01 4.282470e+01 6.862569e+00 -1.130457e-05 -2.021864e-05 -1.021084e-07 4.084478e+00
5.990910e+01 4.293773e+01 6.864381e+00 5.990910e+01 4.293773e+01 6.864381e+00 -1.099408e-05 -2.270076e-05 -3.271959e-09 4.408284e+00
5.876093e+01 4.440667e+01 6.399154e+00 5.876093e+01 4.440667e+01 6.399154e+00 -6.734059e-06 -1.938016e-05 1.014256e-06 1.908313e+00
5.986553e+01 4.455444e+01 6.434875e+00 5.986553e+01 4.455444e+01 6.434875e+00 -6.073148e-06 -2.204375e-05 1.704788e-06 1.848615e+00
5.403863e+01 3.959018e+01 2.994319e+00 5.403863e+01 3.959018e+01 2.994319e+00 -9.964955e-06 -1.018405e-05 -3.503507e-06 9.314731e-01
5.326379e+01 3.987982e+01 3.997497e+00 5.326379e+01 3.987982e+01 3.997497e+00 -1.111078e-05 -9.561957e-06 -5.025038e-06 1.141913e+00
5.338344e+01 3.796788e+01 3.375650e+00 5.338344e+01 3.796788e+01 3.375650e+00 -1.176666e-05 -9.698820e-06 -5.400508e-06 7.112048e-01
5.436141e+01 3.948650e+01 6.425046e+00 5.436141e+01 3.948650e+01 6.425046e+00 -1.787142e-05 -1.233800e-05 -2.937856e-06 1.728716e+00
5.335377e+01 3.986201e+01 5.364395e+00 5.335377e+01 3.986201e+01 5.364395e+00 -1.439249e-05 -1.070551e-05 -5.674337e-06 1.323996e+00
5.397772e+01 4.029292e+01 5.974973e+00 5.397772e+01 4.029292e+01 5.974973e+00 -1.538531e-05 -1.188954e-05 -4.105098e-06 1.367560e+00
5.394924e+01 4.173435e+01 4.693894e+00 5.394924e+01 4.173435e+01 4.693894e+00 -1.005755e-05 -1.071397e-05 -3.369480e-06 1.263145e+00
5.381363e+01 4.105352e+01 5.371606e+00 5.381363e+01 4.105352e+01 5.371606e+00 -1.239671e-05 -1.096304e-05 -4.056941e-06 1.292931e+00
5.352456e+01 3.406405e+01 4.565910e+00 5.352456e+01 3.406405e+01 4.565910e+00 -2.420657e-05 -7.215660e-06 -6.163568e-06 5.862187e-01
5.314389e+01 3.605175e+01 3.933027e+00 5.314389e+01 3.605175e+01 3.933027e+00 -1.593392e-05 -9.482946e-06 -7.407102e-06 4.896234e-01
5.348501e+01 3.477585e+01 3.905875e+00 5.348501e+01 3.477585e+01 3.905875e+00 -1.877853e-05 -7.460879e-06 -7.271633e-06 4.297437e-01
5.426085e+01 3.627382e+01 2.882762e+00 5.426085e+01 3.627382e+01 2.882762e+00 -1.213183e-05 -8.132241e-06 -5.178664e-06 5.240384e-01
5.375013e+01 3.553796e+01 3.331594e+00 5.375013e+01 3.553796e+01 3.331594e+00 -1.434353e-05 -8.107638e-06 -6.880736e-06 4.057403e-01
5.998746e+01 3.077694e+01 6.621147e+00 5.998746e+01 3.077694e+01 6.621147e+00 -2.700497e-05 -2.205988e-05 -5.937984e-07 2.562168e+00
5.819157e+01 3.085059e+01 6.337104e+00 5.819157e+01 3.085059e+01 6.337104e+00 -2.857186e-05 -1.800054e-05 -3.823765e-06 1.587595e+00
5.904827e+01 3.217670e+01 6.841026e+00 5.904827e+01 3.217670e+01 6.841026e+00 -3.119189e-05 -2.144642e-05 -2.760769e-07 3.347080e+00
5.466234e+01 3.241544e+01 5.238327e+00 5.466234e+01 3.241544e+01 5.238327e+00 -2.946406e-05 -7.805023e-06 -5.549638e-06 1.133595e+00
5.633713e+01 3.136997e+01 5.862131e+00 5.633713e+01 3.136997e+01 5.862131e+00 -2.892650e-05 -1.199817e-05 -6.639370e-06 1.304406e+00
5.558001e+01 3.146551e+01 5.239075e+00 5.558001e+01 3.146551e+01 5.239075e+00 -2.754461e-05 -8.184218e-06 -7.280761e-06 1.224523e+00
5.770804e+01 2.996479e+01 5.210794e+00 5.770804e+01 2.996479e+01 5.210794e+00 -2.499139e-05 -1.057920e-05 -6.726197e-06 1.171854e+00
5.659947e+01 3.064908e+01 5.242212e+00 5.659947e+01 3.064908e+01 5.242212e+00 -2.491129e-05 -8.684983e-06 -8.315006e-06 1.163348e+00
5.760687e+01 3.548398e+01 6.891786e+00 5.760687e+01 3.548398e+01 6.891786e+00 -2.746918e-05 -1.888901e-05 5.506313e-07 6.936950e+00
5.824267e+01 3.376505e+01 6.885241e+00 5.824267e+01 3.376505e+01 6.885241e+00 -3.060180e-05 -2.004379e-05 2.967942e-07 5.264005e+00
5.836251e+01 3.475663e+01 6.881804e+00 5.836251e+01 3.475663e+01 6.881804e+00 -2.903839e-05 -2.016257e-05 4.488226e-07 7.187567e+00
6.006148e+01 3.352081e+01 6.893458e+00 6.006148e+01 3.352081e+01 6.893458e+00 -3.136319e-05 -2.244341e-05 4.845217e-07 6.625823e+00
5.918494e+01 3.409972e+01 6.882452e+00 5.918494e+01 3.409972e+01 6.882452e+00 -3.032876e-05 -2.138009e-05 4.183065e-07 7.086956e+00
6.035163e+01 3.719160e+01 6.801756e+00 6.035163e+01 3.719160e+01 6.801756e+00 -2.490733e-05 -2.333288e-05 -3.927291e-08 1.557724e+01
5.937955e+01 3.601014e+01 6.833787e+00 5.937955e+01 3.601014e+01 6.833787e+00 -2.699509e-05 -2.172287e-05 2.011213e-07 1.164324e+01
6.026110e+01 3.627679e+01 6.812685e+00 6.026110e+01 3.627679e+01 6.812685e+00 -2.672550e-05 -2.306947e-05 5.299886e-08 1.384625e+01
5.892291e+01 3.772685e+01 6.831725e+00 5.892291e+01 3.772685e+01 6.831725e+00 -2.357680e-05 -2.095002e-05 1.255776e-07 1.213287e+01
6.012310e+01 3.444185e+01 6.863375e+00 6.012310e+01 3.444185e+01 6.863375e+00 -3.004629e-05 -2.262120e-05 3.338721e-07 8.937435e+00
6.018953e+01 3.536042e+01 6.834142e+00 6.018953e+01 3.536042e+01 6.834142e+00 -2.847827e-05 -2.283779e-05 1.798877e-07 1.142954e+01
5.586126e+01 3.892322e+01 6.857599e+00 5.586126e+01 3.892322e+01 6.857599e+00 -2.045296e-05 -1.532611e-05 -3.923164e-07 4.137907e+00
5.742351e+01 3.830844e+01 6.881345e+00 5.742351e+01 3.830844e+01 6.881345e+00 -2.209641e-05 -1.825850e-05 2.325955e-07 7.817517e+00
5.683286e+01 3.911318e+01 6.891564e+00 5.683286e+01 3.911318e+01 6.891564e+00 -2.031683e-05 -1.702574e-05 1.371599e-08 5.950712e+00
5.878372e+01 3.946079e+01 6.858296e+00 5.878372e+01 3.946079e+01 6.858296e+00 -2.000556e-05 -2.050237e-05 4.702264e-08 1.007424e+01
5.780808e+01 3.928916e+01 6.880208e+00 5.780808e+01 3.928916e+01 6.880208e+00 -2.016634e-05 -1.876407e-05 9.626528e-08 8.000906e+00
5.607015e+01 3.212392e+01 2.972313e+00 5.607015e+01 3.212392e+01 2.972313e+00 -2.620177e-05 -2.116101e-07 -1.167247e-06 7.415697e-01
5.465261e+01 3.323693e+01 3.339742e+00 5.465261e+01 3.323693e+01 3.339742e+00 -2.000599e-05 -3.840020e-06 -5.576992e-06 4.690626e-01
5.547789e+01 3.303847e+01 2.911971e+00 5.547789e+01 3.303847e+01 2.911971e+00 -1.781938e-05 -2.188447e-06 -3.754404e-06 3.786737e-01
5.552998e+01 3.145897e+01 3.917260e+00 5.552998e+01 3.145897e+01 3.917260e+00 -2.515835e-05 -2.438179e-06 -5.707430e-06 7.970362e-01
5.625481e+01 3.128939e+01 3.355224e+00 5.625481e+01 3.128939e+01 3.355224e+00 -2.333519e-05 -1.385751e-06 -3.830289e-06 1.138947e+00
5.456232e+01 3.514839e+01 2.884110e+00 5.456232e+01 3.514839e+01 2.884110e+00 -1.298551e-05 -6.712283e-06 -5.207467e-06 5.423991e-01
5.497358e+01 3.405622e+01 2.887462e+00 5.497358e+01 3.405622e+01 2.887462e+00 -1.396609e-05 -5.523732e-06 -4.940195e-06 4.114267e-01
5.706631e+01 3.016015e+01 4.554427e+00 5.706631e+01 3.016015e+01 4.554427e+00 -2.384128e-05 -4.745297e-06 -5.378624e-06 1.029961e+00
5.659061e+01 3.060777e+01 3.894556e+00 5.659061e+01 3.060777e+01 3.894556e+00 -2.143925e-05 -3.094780e-06 -6.414841e-06 8.788345e-01
5.684695e+01 4.258828e+01 6.680987e+00 5.684695e+01 4.258828e+01 6.680987e+00 -1.119229e-05 -1.559610e-05 -6.431562e-07 3.025859e+00
5.673802e+01 4.089501e+01 6.863928e+00 5.673802e+01 4.089501e+01 6.863928e+00 -1.611500e-05 -1.623896e-05 -5.347922e-07 4.176795e+00
5.728451e+01 4.179407e+01 6.862937e+00 5.728451e+01 4.179407e+01 6.862937e+00 -1.386307e-05 -1.699360e-05 -4.589040e-07 3.982186e+00
5.532594e+01 4.163158e+01 6.428548e+00 5.532594e+01 4.163158e+01 6.428548e+00 -1.328903e-05 -1.331484e-05 -1.842462e-06 1.741661e+00
5.592926e+01 4.258192e+01 6.397844e+00 5.592926e+01 4.258192e+01 6.397844e+00 -1.094499e-05 -1.392470e-05 -1.187721e-06 1.835224e+00
5.827247e+01 4.022930e+01 6.889495e+00 5.827247e+01 4.022930e+01 6.889495e+00 -1.819885e-05 -1.945120e-05 -7.670232e-09 7.716857e+00
5.776770e+01 4.100506e+01 6.906447e+00 5.776770e+01 4.100506e+01 6.906447e+00 -1.627314e-05 -1.835132e-05 -1.797787e-07 5.702013e+00
5.441912e+01 4.218338e+01 5.365272e+00 5.441912e+01 4.218338e+01 5.365272e+00 -1.034624e-05 -1.135663e-05 -2.616798e-06 1.284991e+00
5.510007e+01 4.246376e+01 5.951840e+00 5.510007e+01 4.246376e+01 5.951840e+00 -1.071249e-05 -1.270638e-05 -1.882073e-06 1.411981e+00
6.877891e+01 3.885122e+01 3.101852e+00 6.877891e+01 3.885122e+01 3.101852e+00 -6.074230e-06 -3.770790e-05 6.072818e-06 1.007253e+00
6.922991e+01 3.710864e+01 3.472986e+00 6.922991e+01 3.710864e+01 3.472986e+00 -1.201595e-05 -3.956042e-05 5.554944e-06 7.891673e-01
6.951300e+01 3.903490e+01 4.112975e+00 6.951300e+01 3.903490e+01 4.112975e+00 -9.366172e-06 -4.107535e-05 8.294052e-06 1.209910e+00
6.860743e+01 3.328245e+01 4.691611e+00 6.860743e+01 3.328245e+01 4.691611e+00 -2.758436e-05 -3.691603e-05 2.982406e-06 5.501184e-01
6.921490e+01 3.517485e+01 4.029720e+00 6.921490e+01 3.517485e+01 4.029720e+00 -2.007964e-05 -3.986513e-05 4.800138e-06 4.564942e-01
6.875447e+01 3.395983e+01 4.012751e+00 6.875447e+01 3.395983e+01 4.012751e+00 -2.374743e-05 -3.779168e-05 3.112331e-06 3.809142e-01
6.820304e+01 3.553744e+01 2.941231e+00 6.820304e+01 3.553744e+01 2.941231e+00 -1.521717e-05 -3.643292e-05 1.303486e-06 6.326217e-01
6.860187e+01 3.472050e+01 3.410947e+00 6.860187e+01 3.472050e+01 3.410947e+00 -1.909030e-05 -3.734962e-05 2.411265e-06 3.780419e-01
6.824203e+01 3.876402e+01 6.467645e+00 6.824203e+01 3.876402e+01 6.467645e+00 -1.952096e-05 -4.009298e-05 3.853496e-06 1.815551e+00
6.934685e+01 3.900945e+01 5.448096e+00 6.934685e+01 3.900945e+01 5.448096e+00 -1.485814e-05 -4.207307e-05 7.415622e-06 1.403412e+00
6.873752e+01 3.951269e+01 6.033732e+00 6.873752e+01 3.951269e+01 6.033732e+00 -1.615464e-05 -4.156073e-05 5.776522e-06 1.468615e+00
6.896257e+01 4.095921e+01 4.782181e+00 6.896257e+01 4.095921e+01 4.782181e+00 -7.927966e-06 -4.078327e-05 8.768582e-06 1.332796e+00
6.900086e+01 4.026081e+01 5.451944e+00 6.900086e+01 4.026081e+01 5.451944e+00 -1.203872e-05 -4.174163e-05 7.598515e-06 1.402589e+00
6.181086e+01 3.070147e+01 6.628139e+00 6.181086e+01 3.070147e+01 6.628139e+00 -2.724575e-05 -2.387028e-05 -4.792229e-07 2.552758e+00
6.286077e+01 3.201746e+01 6.850937e+00 6.286077e+01 3.201746e+01 6.850937e+00 -3.172686e-05 -2.565538e-05 3.087429e-07 3.381682e+00
6.362706e+01 3.063923e+01 6.371557e+00 6.362706e+01 3.063923e+01 6.371557e+00 -3.079346e-05 -2.575657e-05 -2.485843e-06 1.680134e+00
6.455222e+01 3.517346e+01 6.888927e+00 6.455222e+01 3.517346e+01 6.888927e+00 -2.942035e-05 -3.004524e-05 -1.298018e-07 6.981109e+00
6.377321e+01 3.352821e+01 6.889986e+00 6.377321e+01 3.352821e+01 6.889986e+00 -3.176454e-05 -2.779413e-05 1.849544e-07 5.291762e+00
6.373361e+01 3.452040e+01 6.879991e+00 6.373361e+01 3.452040e+01 6.879991e+00 -3.047435e-05 -2.829420e-05 1.813262e-08 7.213441e+00
6.194010e+01 3.343923e+01 6.893455e+00 6.194010e+01 3.343923e+01 6.893455e+00 -3.171056e-05 -2.494444e-05 4.008561e-07 6.639587e+00
6.286022e+01 3.393942e+01 6.881681e+00 6.286022e+01 3.393942e+01 6.881681e+00 -3.117880e-05 -2.659206e-05 1.877431e-07 7.108062e+00
6.731105e+01 3.181576e+01 5.348776e+00 6.731105e+01 3.181576e+01 5.348776e+00 -3.197581e-05 -2.999347e-05 4.502640e-07 1.118798e+00
6.556631e+01 3.100384e+01 5.938864e+00 6.556631e+01 3.100384e+01 5.938864e+00 -3.343858e-05 -2.659811e-05 -2.314318e-06 1.354721e+00
6.636275e+01 3.102077e+01 5.335062e+00 6.636275e+01 3.102077e+01 5.335062e+00 -3.219896e-05 -2.425078e-05 -1.622668e-08 1.255738e+00
6.405785e+01 2.973343e+01 5.273934e+00 6.405785e+01 2.973343e+01 5.273934e+00 -3.036577e-05 -2.151119e-05 -5.146053e-06 1.298716e+00
6.523511e+01 3.031816e+01 5.336588e+00 6.523511e+01 3.031816e+01 5.336588e+00 -3.220923e-05 -2.400761e-05 -5.312922e-06 1.214392e+00
6.198669e+01 3.711605e+01 6.800018e+00 6.198669e+01 3.711605e+01 6.800018e+00 -2.534596e-05 -2.617594e-05 -2.141112e-07 1.564139e+01
6.346764e+01 3.750923e+01 6.827616e+00 6.346764e+01 3.750923e+01 6.827616e+00 -2.443841e-05 -2.924779e-05 -3.272055e-07 1.215826e+01
6.283627e+01 3.585326e+01 6.830169e+00 6.283627e+01 3.585326e+01 6.830169e+00 -2.796079e-05 -2.732872e-05 -1.408100e-07 1.166393e+01
6.198350e+01 3.619838e+01 6.810750e+00 6.198350e+01 3.619838e+01 6.810750e+00 -2.723284e-05 -2.591028e-05 -1.236987e-07 1.384930e+01
6.666168e+01 3.837891e+01 6.863123e+00 6.666168e+01 3.837891e+01 6.863123e+00 -2.226598e-05 -3.646798e-05 5.572874e-07 4.252982e+00
6.502662e+01 3.793640e+01 6.876774e+00 6.502662e+01 3.793640e+01 6.876774e+00 -2.349910e-05 -3.275542e-05 -3.554639e-07 7.883888e+00
6.570805e+01 3.866605e+01 6.889576e+00 6.570805e+01 3.866605e+01 6.889576e+00 -2.173369e-05 -3.469122e-05 -1.661136e-07 6.078560e+00
6.379335e+01 3.920463e+01 6.854999e+00 6.379335e+01 3.920463e+01 6.854999e+00 -2.059608e-05 -3.072587e-05 -4.048359e-07 1.011349e+01
6.475090e+01 3.893804e+01 6.876457e+00 6.475090e+01 3.893804e+01 6.876457e+00 -2.115843e-05 -3.272343e-05 -3.862189e-07 8.081126e+00
6.195375e+01 3.436095e+01 6.862079e+00 6.195375e+01 3.436095e+01 6.862079e+00 -3.049692e-05 -2.528109e-05 1.845537e-07 8.951705e+00
6.196795e+01 3.528063e+01 6.832300e+00 6.196795e+01 3.528063e+01 6.832300e+00 -2.898437e-05 -2.560508e-05 1.035012e-08 1.144323e+01
6.597970e+01 3.162137e+01 3.007262e+00 6.597970e+01 3.162137e+01 3.007262e+00 -2.731423e-05 -2.138588e-05 -5.613518e-06 7.156882e-01
6.639875e+01 3.095916e+01 3.969466e+00 6.639875e+01 3.095916e+01 3.969466e+00 -2.961657e-05 -2.294887e-05 -5.374468e-06 7.902955e-01
6.567187e+01 3.083630e+01 3.405873e+00 6.567187e+01 3.083630e+01 3.405873e+00 -2.946361e-05 -2.046465e-05 -6.243370e-06 9.681048e-01
6.748511e+01 3.257580e+01 3.393045e+00 6.748511e+01 3.257580e+01 3.393045e+00 -2.561722e-05 -2.959231e-05 -2.232784e-06 3.842999e-01
6.665963e+01 3.246472e+01 2.934195e+00 6.665963e+01 3.246472e+01 2.934195e+00 -2.503354e-05 -2.408167e-05 -4.533868e-06 4.268588e-01
6.474903e+01 2.988095e+01 4.654309e+00 6.474903e+01 2.988095e+01 4.654309e+00 -3.218510e-05 -2.083965e-05 -6.596278e-06 1.037229e+00
6.523810e+01 3.022886e+01 3.960759e+00 6.523810e+01 3.022886e+01 3.960759e+00 -3.089800e-05 -1.954113e-05 -6.593915e-06 8.567408e-01
6.778131e+01 3.442951e+01 2.926235e+00 6.778131e+01 3.442951e+01 2.926235e+00 -1.879422e-05 -3.337962e-05 -3.631857e-07 4.142821e-01
6.726078e+01 3.339514e+01 2.916325e+00 6.726078e+01 3.339514e+01 2.916325e+00 -2.223200e-05 -2.846534e-05 -2.456819e-06 3.955577e-01
6.609126e+01 4.208169e+01 6.698887e+00 6.609126e+01 4.208169e+01 6.698887e+00 -1.156921e-05 -3.831145e-05 2.027822e-06 3.065681e+00
6.751126e+01 4.098667e+01 6.460227e+00 6.751126e+01 4.098667e+01 6.460227e+00 -1.391803e-05 -4.023938e-05 3.767025e-06 2.050478e+00
6.700907e+01 4.198937e+01 6.428583e+00 6.700907e+01 4.198937e+01 6.428583e+00 -1.133743e-05 -3.982256e-05 3.749626e-06 2.102333e+00
6.600727e+01 4.040185e+01 6.868485e+00 6.600727e+01 4.040185e+01 6.868485e+00 -1.700254e-05 -3.690565e-05 4.631026e-07 4.256797e+00
6.556168e+01 4.134267e+01 6.868688e+00 6.556168e+01 4.134267e+01 6.868688e+00 -1.435214e-05 -3.655336e-05 4.814903e-07 4.044079e+00
6.850587e+01 4.145282e+01 5.433160e+00 6.850587e+01 4.145282e+01 5.433160e+00 -9.229294e-06 -4.070721e-05 7.545530e-06 1.412429e+00
6.783422e+01 4.179593e+01 5.999214e+00 6.783422e+01 4.179593e+01 5.999214e+00 -1.065298e-05 -4.063581e-05 5.666976e-06 1.597961e+00
6.438976e+01 3.990993e+01 6.886575e+00 6.438976e+01 3.990993e+01 6.886575e+00 -1.883181e-05 -3.240434e-05 -4.210168e-07 7.782526e+00
6.498324e+01 4.062033e+01 6.905752e+00 6.498324e+01 4.062033e+01 6.905752e+00 -1.686646e-05 -3.427213e-05 -2.442164e-07 5.782801e+00
6.053339e+01 3.792048e+01 2.566244e+00 6.053339e+01 3.792048e+01 2.566244e+00 -8.319669e-06 -6.356943e-06 5.567752e-07 3.418342e+00
5.967562e+01 3.917599e+01 2.517290e+00 5.967562e+01 3.917599e+01 2.517290e+00 -6.562000e-06 -6.051069e-06 -1.381265e-07 2.749271e+00
5.904912e+01 3.750901e+01 2.528418e+00 5.904912e+01 3.750901e+01 2.528418e+00 -9.192871e-06 -4.733118e-06 5.243130e-07 2.546215e+00
5.779854e+01 4.191698e+01 2.479453e+00 5.779854e+01 4.191698e+01 2.479453e+00 -5.010301e-06 -7.656128e-06 -9.486804e-08 1.095914e+00
5.876611e+01 4.051319e+01 2.455209e+00 5.876611e+01 4.051319e+01 2.455209e+00 -5.283436e-06 -6.718444e-06 -5.158753e-07 1.779513e+00
5.870905e+01 4.150864e+01 2.433590e+00 5.870905e+01 4.150864e+01 2.433590e+00 -4.269344e-06 -7.429485e-06 -5.627828e-07 1.356864e+00
6.055197e+01 4.067147e+01 2.446063e+00 6.055197e+01 4.067147e+01 2.446063e+00 -3.300311e-06 -7.539113e-06 -5.545149e-07 2.141941e+00
5.963187e+01 4.109158e+01 2.428547e+00 5.963187e+01 4.109158e+01 2.428547e+00 -3.573781e-06 -6.825151e-06 -7.329815e-07 1.765604e+00
5.584099e+01 3.665810e+01 2.464626e+00 5.584099e+01 3.665810e+01 2.464626e+00 -1.102357e-05 -5.274724e-06 -1.693047e-06 8.624639e-01
5.748364e+01 3.710123e+01 2.456494e+00 5.748364e+01 3.710123e+01 2.456494e+00 -9.797016e-06 -4.299851e-06 1.185613e-07 1.623791e+00
5.679357e+01 3.637752e+01 2.445059e+00 5.679357e+01 3.637752e+01 2.445059e+00 -1.144726e-05 -3.955091e-06 -4.592051e-07 1.235810e+00
5.870578e+01 3.580951e+01 2.491111e+00 5.870578e+01 3.580951e+01 2.491111e+00 -1.219511e-05 -2.547568e-06 9.129274e-07 2.214714e+00
5.774929e+01 3.608834e+01 2.467363e+00 5.774929e+01 3.608834e+01 2.467363e+00 -1.155262e-05 -3.239062e-06 2.460687e-07 1.693231e+00
6.069282e+01 4.432893e+01 2.639886e+00 6.069282e+01 4.432893e+01 2.639886e+00 -1.177839e-06 -9.306458e-06 3.257426e-06 1.089765e+00
5.888960e+01 4.441571e+01 2.925980e+00 5.888960e+01 4.441571e+01 2.925980e+00 -2.665892e-06 -9.787486e-06 2.811754e-06 9.758580e-01
5.961943e+01 4.301524e+01 2.439569e+00 5.961943e+01 4.301524e+01 2.439569e+00 -2.139056e-06 -7.732595e-06 3.240268e-07 1.080977e+00
6.058333e+01 4.343763e+01 2.430445e+00 6.058333e+01 4.343763e+01 2.430445e+00 -1.390949e-06 -8.577692e-06 1.099157e-06 1.256336e+00
5.523630e+01 4.321653e+01 4.010125e+00 5.523630e+01 4.321653e+01 4.010125e+00 -7.154893e-06 -1.150806e-05 -1.288387e-06 1.045859e+00
5.699697e+01 4.407162e+01 3.394942e+00 5.699697e+01 4.407162e+01 3.394942e+00 -4.703821e-06 -1.102504e-05 1.212092e-06 1.006351e+00
5.622227e+01 4.405405e+01 4.001606e+00 5.622227e+01 4.405405e+01 4.001606e+00 -5.759298e-06 -1.215707e-05 2.959560e-07 1.007872e+00
5.847881e+01 4.534158e+01 4.024469e+00 5.847881e+01 4.534158e+01 4.024469e+00 -2.902030e-06 -1.335200e-05 4.259961e-06 1.054904e+00
5.731514e+01 4.477036e+01 4.006087e+00 5.731514e+01 4.477036e+01 4.006087e+00 -4.295744e-06 -1.258929e-05 2.211745e-06 1.013249e+00
6.054927e+01 4.159243e+01 2.394697e+00 6.054927e+01 4.159243e+01 2.394697e+00 -1.802220e-06 -7.961935e-06 -5.468535e-07 1.684915e+00
6.053514e+01 4.251627e+01 2.372846e+00 6.053514e+01 4.251627e+01 2.372846e+00 -1.846567e-06 -8.313466e-06 -9.115555e-08 1.302214e+00
5.639442e+01 3.294851e+01 2.641682e+00 5.639442e+01 3.294851e+01 2.641682e+00 -1.489686e-05 -4.316264e-06 -7.933684e-07 7.077236e-01
5.649075e+01 3.463285e+01 2.476054e+00 5.649075e+01 3.463285e+01 2.476054e+00 -1.179693e-05 -4.783414e-06 2.288366e-07 7.879469e-01
5.691495e+01 3.369750e+01 2.478821e+00 5.691495e+01 3.369750e+01 2.478821e+00 -5.766198e-06 -1.008597e-05 1.092470e-06 7.449065e-01
5.812208e+01 3.509593e+01 2.458535e+00 5.812208e+01 3.509593e+01 2.458535e+00 -1.248669e-05 -2.414286e-06 1.218308e-06 1.693717e+00
5.753645e+01 3.437931e+01 2.438839e+00 5.753645e+01 3.437931e+01 2.438839e+00 -2.251030e-05 7.095558e-06 1.621551e-06 1.207739e+00
5.660102e+01 4.342478e+01 6.319585e+00 5.660102e+01 4.342478e+01 6.319585e+00 -9.075171e-06 -1.502348e-05 -5.522304e-07 2.068983e+00
5.615189e+01 4.410372e+01 5.343350e+00 5.615189e+01 4.410372e+01 5.343350e+00 -7.015756e-06 -1.371551e-05 -2.276197e-07 1.175054e+00
5.687959e+01 4.421920e+01 5.911389e+00 5.687959e+01 4.421920e+01 5.911389e+00 -7.189854e-06 -1.542296e-05 1.178826e-07 1.458909e+00
5.782935e+01 4.522207e+01 4.690986e+00 5.782935e+01 4.522207e+01 4.690986e+00 -3.996723e-06 -1.472070e-05 2.948051e-06 1.060666e+00
5.728796e+01 4.483902e+01 5.347831e+00 5.728796e+01 4.483902e+01 5.347831e+00 -5.452617e-06 -1.531074e-05 1.379803e-06 1.184202e+00
6.215974e+01 3.783663e+01 2.564765e+00 6.215974e+01 3.783663e+01 2.564765e+00 -8.221795e-06 -9.419048e-06 7.480337e-07 3.560823e+00
6.359949e+01 3.728103e+01 2.514069e+00 6.359949e+01 3.728103e+01 2.514069e+00 -9.597504e-06 -1.245429e-05 6.653151e-08 2.568090e+00
6.313449e+01 3.900167e+01 2.512247e+00 6.313449e+01 3.900167e+01 2.512247e+00 -5.919136e-06 -1.195885e-05 1.166325e-07 2.591307e+00
6.669597e+01 3.605909e+01 2.486689e+00 6.669597e+01 3.605909e+01 2.486689e+00 -1.145369e-05 -2.994610e-05 -2.531163e-06 8.027485e-01
6.511466e+01 3.668499e+01 2.444410e+00 6.511466e+01 3.668499e+01 2.444410e+00 -1.133856e-05 -1.803614e-05 -2.434521e-06 1.642739e+00
6.571827e+01 3.586268e+01 2.433467e+00 6.571827e+01 3.586268e+01 2.433467e+00 -1.290150e-05 -2.132363e-05 -3.390892e-06 1.237186e+00
6.376194e+01 3.555605e+01 2.468318e+00 6.376194e+01 3.555605e+01 2.468318e+00 -1.419850e-05 -1.260094e-05 3.477910e-07 2.249306e+00
6.473790e+01 3.571772e+01 2.437844e+00 6.473790e+01 3.571772e+01 2.437844e+00 -1.354930e-05 -1.504300e-05 -1.671716e-06 1.753476e+00
6.524330e+01 4.150796e+01 2.487812e+00 6.524330e+01 4.150796e+01 2.487812e+00 1.966838e-06 -2.564382e-05 2.685609e-07 9.530022e-01
6.417173e+01 4.022080e+01 2.443797e+00 6.417173e+01 4.022080e+01 2.443797e+00 -2.616742e-06 -1.429347e-05 -1.179379e-06 1.666122e+00
6.430239e+01 4.120567e+01 2.426216e+00 6.430239e+01 4.120567e+01 2.426216e+00 9.904896e-09 -1.631016e-05 -5.990385e-07 1.293582e+00
6.240910e+01 4.057268e+01 2.445083e+00 6.240910e+01 4.057268e+01 2.445083e+00 -2.171859e-06 -1.095750e-05 -1.662268e-07 2.128721e+00
6.335619e+01 4.090479e+01 2.423236e+00 6.335619e+01 4.090479e+01 2.423236e+00 -9.209147e-07 -1.292614e-05 -2.379038e-07 1.714520e+00
6.251724e+01 4.423355e+01 2.638237e+00 6.251724e+01 4.423355e+01 2.638237e+00 -8.902595e-07 -1.240390e-05 3.844370e-06 9.839853e-01
6.345765e+01 4.282244e+01 2.433220e+00 6.345765e+01 4.282244e+01 2.433220e+00 7.276943e-08 -1.376410e-05 1.497952e-06 1.171378e+00
6.251497e+01 4.333497e+01 2.425721e+00 6.251497e+01 4.333497e+01 2.425721e+00 -7.153532e-07 -1.190250e-05 1.582671e-06 1.535525e+00
6.432192e+01 4.413007e+01 2.925792e+00 6.432192e+01 4.413007e+01 2.925792e+00 9.397300e-07 -1.959489e-05 5.203055e-06 9.828643e-01
6.246940e+01 4.149002e+01 2.392315e+00 6.246940e+01 4.149002e+01 2.392315e+00 -4.689423e-07 -1.147895e-05 -1.919399e-07 1.681015e+00
6.249173e+01 4.241325e+01 2.369201e+00 6.249173e+01 4.241325e+01 2.369201e+00 -2.135701e-07 -1.175090e-05 3.083383e-07 1.374526e+00
6.783449e+01 4.258328e+01 4.079743e+00 6.783449e+01 4.258328e+01 4.079743e+00 -2.151434e-06 -3.613700e-05 8.403831e-06 1.063896e+00
6.617003e+01 4.360604e+01 3.424200e+00 6.617003e+01 4.360604e+01 3.424200e+00 1.391768e-06 -2.966458e-05 6.080567e-06 9.252199e-01
6.692388e+01 4.351373e+01 4.049708e+00 6.692388e+01 4.351373e+01 4.049708e+00 -6.994304e-07 -3.352350e-05 7.688111e-06 9.844989e-01
6.481233e+01 4.500975e+01 4.039135e+00 6.481233e+01 4.500975e+01 4.039135e+00 1.292893e-06 -2.690292e-05 7.358239e-06 1.018675e+00
6.590558e+01 4.432967e+01 4.035590e+00 6.590558e+01 4.432967e+01 4.035590e+00 6.202848e-07 -3.053302e-05 7.140557e-06 9.636168e-01
6.574312e+01 3.245503e+01 2.640098e+00 6.574312e+01 3.245503e+01 2.640098e+00 -2.467765e-05 -2.006141e-05 -4.644131e-06 7.216212e-01
6.582490e+01 3.411646e+01 2.457293e+00 6.582490e+01 3.411646e+01 2.457293e+00 -1.875984e-05 -1.997868e-05 -3.765859e-06 7.861497e-01
6.528475e+01 3.323138e+01 2.451047e+00 6.528475e+01 3.323138e+01 2.451047e+00 -2.110246e-05 -1.741657e-05 -3.418255e-06 7.724847e-01
6.428337e+01 3.479127e+01 2.420608e+00 6.428337e+01 3.479127e+01 2.420608e+00 -1.499985e-05 -1.271742e-05 -6.296633e-07 1.702690e+00
6.477762e+01 3.400679e+01 2.400953e+00 6.477762e+01 3.400679e+01 2.400953e+00 -1.765219e-05 -1.440287e-05 -2.401255e-06 1.208863e+00
6.642559e+01 4.289420e+01 6.352998e+00 6.642559e+01 4.289420e+01 6.352998e+00 -8.799993e-06 -3.861519e-05 4.038873e-06 2.375834e+00
6.696136e+01 4.354176e+01 5.393837e+00 6.696136e+01 4.354176e+01 5.393837e+00 -4.956296e-06 -3.733685e-05 7.147939e-06 1.290816e+00
6.623789e+01 4.371840e+01 5.952218e+00 6.623789e+01 4.371840e+01 5.952218e+00 -6.146273e-06 -3.735167e-05 5.606570e-06 1.749005e+00
6.542934e+01 4.482433e+01 4.720852e+00 6.542934e+01 4.482433e+01 4.720852e+00 -1.680182e-07 -3.134519e-05 7.244046e-06 1.057362e+00
6.591030e+01 4.438333e+01 5.387804e+00 6.591030e+01 4.438333e+01 5.387804e+00 -2.963519e-06 -3.479270e-05 6.802120e-06 1.243059e+00
6.113739e+01 3.655883e+01 6.801857e+00 6.113739e+01 3.655883e+01 6.801857e+00 -2.639752e-05 -2.448154e-05 -8.287246e-08 1.534804e+01
5.710249e+01 3.130037e+01 2.955799e+00 5.710249e+01 3.130037e+01 2.955799e+00 -2.141553e-05 -6.125803e-06 -1.509960e-08 7.466764e-01
5.846319e+01 3.016045e+01 3.301937e+00 5.846319e+01 3.016045e+01 3.301937e+00 -2.076451e-05 -3.965614e-06 -3.595937e-06 5.389494e-01
6.218859e+01 2.914830e+01 4.556629e+00 6.218859e+01 2.914830e+01 4.556629e+00 -3.114160e-05 -1.648521e-05 -8.584472e-06 8.013175e-01
6.022809e+01 2.936956e+01 3.853060e+00 6.022809e+01 2.936956e+01 3.853060e+00 -2.726281e-05 -8.669279e-06 -7.338760e-06 7.771929e-01
6.152612e+01 2.931596e+01 3.874176e+00 6.152612e+01 2.931596e+01 3.874176e+00 -3.016710e-05 -1.100160e-05 -8.733470e-06 5.390092e-01
6.035252e+01 3.050970e+01 2.828261e+00 6.035252e+01 3.050970e+01 2.828261e+00 -2.795003e-05 -1.044604e-06 -4.394787e-06 3.807630e-01
6.091456e+01 2.979042e+01 3.278917e+00 6.091456e+01 2.979042e+01 3.278917e+00 -2.900367e-05 -5.551443e-06 -7.208270e-06 4.123455e-01
6.484588e+01 3.091736e+01 2.983528e+00 6.484588e+01 3.091736e+01 2.983528e+00 -2.964079e-05 -1.760446e-05 -5.971751e-06 8.395314e-01
6.337464e+01 2.994029e+01 3.351763e+00 6.337464e+01 2.994029e+01 3.351763e+00 -3.160130e-05 -1.267334e-05 -7.608033e-06 5.184081e-01
6.379012e+01 3.066162e+01 2.890763e+00 6.379012e+01 3.066162e+01 2.890763e+00 -2.947447e-05 -1.291922e-05 -5.795387e-06 5.161396e-01
6.153462e+01 3.044560e+01 2.838895e+00 6.153462e+01 3.044560e+01 2.838895e+00 -2.827474e-05 -4.740234e-06 -5.108201e-06 3.699798e-01
6.270488e+01 3.049245e+01 2.860877e+00 6.270488e+01 3.049245e+01 2.860877e+00 -2.936247e-05 -8.520026e-06 -5.775067e-06 4.043400e-01
6.157882e+01 4.375977e+01 2.462816e+00 6.157882e+01 4.375977e+01 2.462816e+00 -2.656021e-07 -9.524095e-06 2.167742e-06 1.276734e+00
5.741965e+01 3.282405e+01 2.497640e+00 5.741965e+01 3.282405e+01 2.497640e+00 -7.039982e-06 -2.271166e-05 2.611630e-06 9.402432e-01
5.904715e+01 3.318629e+01 2.422422e+00 5.904715e+01 3.318629e+01 2.422422e+00 -4.049970e-05 1.181717e-05 3.047356e-06 1.211075e+00
6.222704e+01 3.459275e+01 2.472872e+00 6.222704e+01 3.459275e+01 2.472872e+00 -1.696782e-05 -8.729543e-06 2.045645e-06 2.417787e+00
6.061532e+01 3.382066e+01 2.442220e+00 6.061532e+01 3.382066e+01 2.442220e+00 -1.975754e-05 -4.843492e-06 2.234440e-06 1.978676e+00
6.165879e+01 3.377646e+01 2.437641e+00 6.165879e+01 3.377646e+01 2.437641e+00 -1.971269e-05 -7.114502e-06 1.964443e-06 1.998773e+00
6.051948e+01 3.212649e+01 2.437635e+00 6.051948e+01 3.212649e+01 2.437635e+00 -2.827592e-05 3.897149e-07 6.271114e-07 8.248335e-01
6.110274e+01 3.295310e+01 2.416707e+00 6.110274e+01 3.295310e+01 2.416707e+00 -2.516908e-05 -4.045562e-06 1.926151e-06 1.397513e+00
6.466754e+01 3.239983e+01 2.475709e+00 6.466754e+01 3.239983e+01 2.475709e+00 -2.217516e-05 -1.438196e-05 -3.684268e-06 9.696748e-01
6.319406e+01 3.301738e+01 2.391754e+00 6.319406e+01 3.301738e+01 2.391754e+00 -2.061058e-05 -8.939284e-06 1.014636e-07 1.284977e+00
6.366202e+01 3.221963e+01 2.431816e+00 6.366202e+01 3.221963e+01 2.431816e+00 -2.257954e-05 -1.004368e-05 -2.625049e-06 7.972107e-01
6.158278e+01 3.208009e+01 2.433009e+00 6.158278e+01 3.208009e+01 2.433009e+00 -2.497458e-05 -4.062905e-06 -2.072316e-07 8.418453e-01
6.263232e+01 3.211473e+01 2.426081e+00 6.263232e+01 3.211473e+01 2.426081e+00 -2.320692e-05 -6.891685e-06 -1.314105e-06 8.039997e-01
5.788600e+01 4.263192e+01 6.829954e+00 5.788600e+01 4.263192e+01 6.829954e+00 -1.164163e-05 -1.794774e-05 -3.029379e-07 3.735489e+00
5.936199e+01 4.203542e+01 6.905922e+00 5.936199e+01 4.203542e+01 6.905922e+00 -1.379813e-05 -2.149899e-05 -1.621353e-07 5.832627e+00
6.237716e+01 4.034092e+01 6.855448e+00 6.237716e+01 4.034092e+01 6.855448e+00 -1.800735e-05 -2.804115e-05 -3.500195e-07 1.034912e+01
6.087400e+01 4.127484e+01 6.877635e+00 6.087400e+01 4.127484e+01 6.877635e+00 -1.572555e-05 -2.483309e-05 -2.401423e-07 8.411412e+00
6.191180e+01 4.121780e+01 6.877087e+00 6.191180e+01 4.121780e+01 6.877087e+00 -1.578502e-05 -2.723990e-05 -3.329871e-07 8.407177e+00
6.096337e+01 4.296499e+01 6.859392e+00 6.096337e+01 4.296499e+01 6.859392e+00 -1.076397e-05 -2.533535e-05 2.854889e-08 4.570391e+00
6.144281e+01 4.209415e+01 6.889315e+00 6.144281e+01 4.209415e+01 6.889315e+00 -1.336049e-05 -2.635785e-05 -2.573493e-07 6.415457e+00
6.505420e+01 4.223063e+01 6.838966e+00 6.505420e+01 4.223063e+01 6.838966e+00 -1.177221e-05 -3.586877e-05 7.390340e-07 3.786437e+00
6.350477e+01 4.180552e+01 6.905525e+00 6.350477e+01 4.180552e+01 6.905525e+00 -1.390498e-05 -3.139506e-05 -3.411408e-07 5.836591e+00
6.407905e+01 4.253005e+01 6.867428e+00 6.407905e+01 4.253005e+01 6.867428e+00 -1.127098e-05 -3.354776e-05 2.955620e-07 4.167523e+00
6.202367e+01 4.290501e+01 6.859811e+00 6.202367e+01 4.290501e+01 6.859811e+00 -1.068596e-05 -2.808879e-05 4.165974e-08 4.579088e+00
6.306779e+01 4.275905e+01 6.866287e+00 6.306779e+01 4.275905e+01 6.866287e+00 -1.086423e-05 -3.087803e-05 1.009985e-07 4.453833e+00
5.771654e+01 4.414529e+01 6.319390e+00 5.771654e+01 4.414529e+01 6.319390e+00 -7.505489e-06 -1.709991e-05 2.698757e-07 2.258768e+00
5.921489e+01 4.511839e+01 5.959994e+00 5.921489e+01 4.511839e+01 5.959994e+00 -4.597512e-06 -1.993127e-05 2.530577e-06 1.427325e+00
6.300187e+01 4.576392e+01 4.725884e+00 6.300187e+01 4.576392e+01 4.725884e+00 4.538712e-07 -2.411054e-05 7.884801e-06 1.163553e+00
6.102929e+01 4.572596e+01 5.403360e+00 6.102929e+01 4.572596e+01 5.403360e+00 -1.797335e-06 -2.209558e-05 5.757218e-06 1.179117e+00
6.231585e+01 4.565689e+01 5.403952e+00 6.231585e+01 4.565689e+01 5.403952e+00 -9.397744e-07 -2.507602e-05 6.337041e-06 1.179097e+00
6.100516e+01 4.458779e+01 6.449318e+00 6.100516e+01 4.458779e+01 6.449318e+00 -5.442703e-06 -2.491319e-05 2.153889e-06 1.866277e+00
6.164895e+01 4.524367e+01 5.996031e+00 6.164895e+01 4.524367e+01 5.996031e+00 -3.088136e-06 -2.562516e-05 4.122128e-06 1.325968e+00
6.539215e+01 4.372065e+01 6.349923e+00 6.539215e+01 4.372065e+01 6.349923e+00 -6.906881e-06 -3.632677e-05 3.945209e-06 2.379644e+00
6.402645e+01 4.485082e+01 5.981266e+00 6.402645e+01 4.485082e+01 5.981266e+00 -2.971410e-06 -3.203964e-05 4.752101e-06 1.491151e+00
6.438617e+01 4.408909e+01 6.420774e+00 6.438617e+01 4.408909e+01 6.420774e+00 -5.905111e-06 -3.409979e-05 3.304788e-06 1.993743e+00
6.217465e+01 4.452789e+01 6.449575e+00 6.217465e+01 4.452789e+01 6.449575e+00 -5.051585e-06 -2.793210e-05 2.487715e-06 1.898390e+00
6.330995e+01 4.435835e+01 6.446743e+00 6.330995e+01 4.435835e+01 6.446743e+00 -5.138076e-06 -3.110983e-05 2.811471e-06 2.006839e+00
6.419736e+01 3.148884e+01 2.616526e+00 6.419736e+01 3.148884e+01 2.616526e+00 -2.706363e-05 -1.366690e-05 -4.632228e-06 9.398487e-01
6.467534e+01 4.321456e+01 6.696078e+00 6.467534e+01 4.321456e+01 6.696078e+00 -8.671295e-06 -3.537410e-05 1.860382e-06 3.132234e+00
